,0,1,2,3,4,5,6,7,8,9,10,11,12,13,14,15,16,17,18,19,20,21,22,23,24,25,26,27,28,29,30,31,32,33,34,35,36,37,38,39,40,41,42,43,44,45,46,47,48,49,50,51,52,53,54,55,56,57,58,59,60,61,62,63,64,65,66,67,68,69,70,71,72,73,74,75,76,77,78,79,80,81,82,83,84,85,86,87,88,89,90,91,92,93,94,95,96,97,98,99,100,101,102,103,104,105,106,107,108,109,110,111,112,113,114,115,116,117,118,119,120,121,122,123,124,125,126,127,128,129,130,131,132,133,134,135,136,137,138,139,140,141,142,143,144,145,146,147,148,149,150,151,152,153,154,155,156,157,158,159,160,161,162,163,164,165,166,167,168,169,170,171,172,173,174,175,176,177,178,179,180,181,182,183,184,185,186,187,188,189,190,191,192,193,194,195,196,197,198,199,200
0,1.3704570123926182e-05,1.3751817547280336e-05,1.389374508576074e-05,1.4130908368456699e-05,1.4464232852116226e-05,1.4895012917751479e-05,1.5424910574383093e-05,1.6055953738616103e-05,1.679053405007714e-05,1.76314041742956e-05,1.8581674536432265e-05,1.9644809421402994e-05,2.082462236846954e-05,2.2125270781336385e-05,2.3551249668264638e-05,2.5107384420760505e-05,2.6798822534086737e-05,2.8631024168256468e-05,3.0609751444376705e-05,3.2741056368294916e-05,3.503126727154983e-05,3.748697365872094e-05,4.0115009350497825e-05,4.2922433813235693e-05,4.5916511568513996e-05,4.910468958035434e-05,5.249457252336337e-05,5.609389584222148e-05,5.9910496521710595e-05,6.395228149692442e-05,6.822719364548633e-05,7.274317531755505e-05,7.750812937515184e-05,8.252987772991007e-05,8.781611738772111e-05,9.337437402990537e-05,9.921195318342738e-05,0.00010533588905722982,0.00011175289114788675,0.00011846928874535119,0.00012549097349844605,0.00013282334022974202,0.0001404712262203718,0.0001484388492169104,0.00015672974444443438,0.0001653467009419633,0.00017429169756835142,0.00018356583905798952,0.0001931692925360047,0.00020310122493161453,0.00021335974175547374,0.00022394182773180472,0.00023484328979837994,0.00024605870300656324,0.0002575813598691583,0.0002694032237153026,0.00028151488661864256,0.0002939055324670996,0.000306562905739302,0.0003194732865438402,0.0003326214724625943,0.00034599076771820554,0.00035956298015812557,0.0003733184265134205,0.0003872359463495901,0.00040129292507908786,0.0004154653263511175,0.0004297277340738337,0.000444053404257596,0.0004584143267958205,0.00047278129722274134,0.0004871239984056561,0.0005014110920436741,0.0005156103197564207,0.0005296886134554563,0.0005436122145993017,0.0005573468018409368,0.0005708576264855502,0.0005841096550872452,0.000597067718427492,0.000609696666036499,0.0006219615253424191,0.0006338276644635476,0.0006452609575963576,0.0006562279518983522,0.0006666960347201044,0.0006766336000062906,0.0006860102126615988,0.0006947967696646451,0.0007029656567118199,0.0007104908991835407,0.0007173483062478126,0.0007235156069502506,0.0007289725771855972,0.0007337011565029983,0.0007376855537654042,0.0007409123407619234,0.0007433705329600882,0.0007450516566820435,0.0007459498020937769,0.0007460616615087372,0.0007453865526255163,0.0007439264264425798,0.0007416858597202124,0.000738672031989602,0.0007348946872401071,0.0007303660805468615,0.000725100910030619,0.0007191162346687158,0.00071243137859882,0.000705067822674305,0.0006970490841402329,0.0006884005854006676,0.0006791495129400536,0.000669324667542454,0.000658956307021417,0.0006480759827291443,0.0006367163711556858,0.0006249111019564111,0.0006126945837586608,0.0006001018290960615,0.0005871682798015875,0.0005739296341584095,0.0005604216770614704,0.0005466801143834081,0.0005327404126669475,0.0005186376451834962,0.0005044063453057994,0.0004900803680427354,0.0004756927604783176,0.00046127564174643337,0.00044686009305954844,0.0004324760581952319,0.0004181522547305959,0.0004039160962031254,0.00038979362526836154,0.00037580945782177355,0.0003619867379550495,0.0003483471035268956,0.00033491066204604706,0.00032169597649013966,0.0003087200606187889,0.0002959983832829092,0.0002835448811850695,0.0002713719795074502,0.0002594906197945465,0.0002479102944568414,0.00023663908724883635,0.00022568371906958758,0.00021504959843568326,0.0002047408759848193,0.00019476050238212802,0.00018511028902053702,0.00017579097093000517,0.00016680227133783552,0.00015814296735274994,0.00014981095627839455,0.00014180332209682892,0.00013411640169877346,0.00012674585047442073,0.00011968670691597991,0.00011293345592038236,0.00010648009051734611,0.0001003201717839331,9.444688674154607e-05,8.885310406475093e-05,8.353142746317165e-05,7.847424662782388e-05,7.367378566150556e-05,6.912214893915617e-05,6.481136436837315e-05,6.07334240425053e-05,5.688032229892141e-05,5.324409121319862e-05,4.9816833576123246e-05,4.659075341459929e-05,4.355818412988367e-05,4.071161433708546e-05,3.804371149866493e-05,3.554734345183615e-05,3.3215597935407065e-05,3.104180022578125e-05,2.9019528994690525e-05,2.714263050282614e-05,2.540523124398136e-05,2.3801749153703947e-05,2.2326903494872392e-05,2.0975723530140984e-05,1.9743556087928232e-05,1.862607212462807e-05,1.7619272381078042e-05,1.6719492226091152e-05,1.592340577411331e-05,1.5228029357866136e-05,1.4630724430230781e-05,1.4129199962674257e-05,1.3721514400263221e-05,1.3406077225795469e-05,1.3181650177847741e-05,1.3047348159628142e-05,1.3002639867468288e-05
1,1.3752778932872836e-05,1.3800216654172552e-05,1.3942716056180414e-05,1.4180835677739136e-05,1.4515505827427627e-05,1.4948027683429937e-05,1.548007200164983e-05,1.6113677400565115e-05,1.685124818259592e-05,1.7695551643257738e-05,1.8649714811134106e-05,1.97172205537917e-05,2.090190297722926e-05,2.2207942039363155e-05,2.3639857291469895e-05,2.520250065549901e-05,2.6901048139808348e-05,2.8740990391234368e-05,3.072812197756982e-05,3.2868529291561905e-05,3.5168576965549264e-05,3.763489268491171e-05,4.027435028869924e-05,4.3094051047224266e-05,4.6101303009129314e-05,4.9303598314567214e-05,5.270858837673322e-05,5.6324056841146276e-05,6.015789024086091e-05,6.421804627626494e-05,6.851251966033517e-05,7.304930548422673e-05,7.783636007388692e-05,8.288155932603016e-05,8.81926545312752e-05,9.377722571351084e-05,9.964263253757304e-05,0.00010579596286201648,0.00011224397904004995,0.00011899306209946145,0.00012604915396142899,0.00013341769788832405,0.00014110357738175155,0.00014911105378390024,0.0001574437028675215,0.00016610435073222208,0.00017509500935690894,0.00018441681218981146,0.00019406995018813778,0.00020405360874869787,0.00021436590599831288,0.00022500383293808947,0.00023596319595820794,0.00024723856225929977,0.00025882320873229733,0.0002707090748603782,0.0002828867202138448,0.0002953452871110448,0.00030807246901535775,0.00032105448522946835,0.0003342760624333034,0.00034772042359084847,0.0003613692847233759,0.00037520286001225975,0.00038919987565346403,0.00040333759283798056,0.00041759184017807623,0.00043193705583837816,0.00044634633956389797,0.0004607915147244627,0.0004752432004171965,0.000489670893586293,0.0005040430610330416,0.0005183272410997262,0.0005324901547194879,0.0005464978254315164,0.0005603157078680114,0.0005739088241273597,0.0005872419073579822,0.0006002795517905013,0.0006129863683733696,0.0006253271450900203,0.0006372670109650483,0.0006487716027039109,0.0006598072328561223,0.0006703410583467727,0.0006803412481861764,0.0006897771491431869,0.0006986194481547418,0.0007068403302428532,0.0007144136307208202,0.000721314980492959,0.0007275219432866115,0.000733014143701396,0.0007377733850182996,0.0007417837557798308,0.0007450317242315018,0.0007475062198037199,0.0007491987009109652,0.0007501032084510592,0.0007502164045004413,0.0007495375958206338,0.0007480687419153943,0.0007458144475062723,0.0007427819394251504,0.000738981028054606,0.0007344240535792127,0.0007291258174418542,0.0007231034995273206,0.0007163765617194796,0.0007089666385967034,0.0007008974161415811,0.0006921944994438441,0.0006828852704685394,0.0006729987370435633,0.000662565374290544,0.0006516169597797635,0.0006401864037324724,0.000628307575621967,0.0006160151285377227,0.0006033443226745529,0.0005903308492912619,0.0005770106564508986,0.0005634197778081208,0.000549594165649157,0.0005355695293174956,0.000521381180075018,0.0005070638833552662,0.0004926517192645099,0.00047817795207893326,0.00046367490937436245,0.0004491738713102627,0.00043470497047400064,0.00042029710257626864,0.0004059778481756958,0.00039177340550147484,0.00037770853433863246,0.0003638065108425014,0.0003500890930579753,0.00033657649683602767,0.00032328738176533995,0.0003102388466711269,0.0002974464341766027,0.00028492414377507907,0.0002726844528223519,0.0002607383448296066,0.00024909534441623616,0.00023776355826929293,0.00022674972145128892,0.00021605924840013458,0.00020569628797356877,0.00019566378190480167,0.00018596352605562054,0.00017659623387720076,0.0001675616015166525,0.0001588583740382593,0.00015048441226178509,0.00014243675975554536,0.0001347117095585737,0.0001273048702436547,0.00012021123097073676,0.00011342522521786246,0.00010694079291385853,0.00010075144073327718,9.485030034917821e-05,8.923018447303781e-05,8.388364054316402e-05,7.880300195332122e-05,7.398043674169727e-05,6.940799368679455e-05,6.507764578123297e-05,6.098133107679163e-05,5.711099091428239e-05,5.345860557006161e-05,5.001622736718519e-05,4.6776011313449154e-05,4.3730243340901076e-05,4.087136623193368e-05,3.819200332586636e-05,3.568498010707452e-05,3.3343343781335006e-05,3.116038095121653e-05,2.9129633504154366e-05,2.7244912828406764e-05,2.5500312472491617e-05,2.389021936304079e-05,2.2409323694374966e-05,2.105262760058244e-05,1.9815452717561666e-05,1.869344673843994e-05,1.768258906108136e-05,1.677919562111655e-05,1.5979922998128662e-05,1.528177187637513e-05,1.4682089934768401e-05,1.4178574233833029e-05,1.3769273160049039e-05,1.3452587980426442e-05,1.322727405237466e-05,1.3092441725970976e-05,1.3047556967630659e-05
2,1.38976057347446e-05,1.3945615381269115e-05,1.4089833475923775e-05,1.4330827310540373e-05,1.4669541788833892e-05,1.5107298536204073e-05,1.564579462115826e-05,1.6287100856251968e-05,1.7033659637553385e-05,1.7888282272963886e-05,1.8854145741320714e-05,1.993478881612659e-05,2.1134107480051183e-05,2.245634954909407e-05,2.39061084185521e-05,2.54883158367655e-05,2.7208233607098744e-05,2.9071444113820602e-05,3.1083839563562125e-05,3.325160983093489e-05,3.5581228794769396e-05,3.807943905037374e-05,4.0753234883303265e-05,4.36098433914641e-05,4.665670364503465e-05,4.9901443777768956e-05,5.335185590882661e-05,5.70158688014377e-05,6.090151817353172e-05,6.501691458600176e-05,6.937020884659824e-05,7.396955488159348e-05,7.882307004336174e-05,8.393879283989482e-05,8.932463809201884e-05,9.498834954566996e-05,0.00010093744998998492,0.0001071791889570938,0.0001137204881062787,0.0001205678844234571,0.00012772747139661562,0.00013520483835867826,0.00014300500822113068,0.00015113237385429637,0.00015959063340320126,0.0001683827248611579,0.000177510760256224,0.0001869759598381668,0.00019677858668511422,0.0002069178821792714,0.0002173920028294968,0.00022819795894470595,0.00023933155568553794,0.0002507873370420048,0.0002625585333014658,0.00027463701258375657,0.000287013237028193,0.00029967622422001427,0.0003126135144412182,0.00032581114432228016,0.00033925362745660856,0.00035292394251847337,0.00036680352939733914,0.0003808722938268667,0.00039510862094525715,0.0004094893981750911,0.0004239900477554759,0.00043858456919734095,0.00045324559186443286,0.0004679444378083457,0.0004826511949063067,0.0004973348002660379,0.000511963133773551,0.0005265031215680369,0.0005409208491339828,0.0005551816836053077,0.0005692504047806823,0.0005830913442544498,0.0005966685319748226,0.0006099458494514883,0.0006228871887496048,0.0006354566163275545,0.0006476185407029006,0.0006593378828658045,0.0006705802483027226,0.0006813120994463965,0.0006915009273317661,0.0007011154212121363,0.000710125634876238,0.0007185031484051228,0.0007262212241183655,0.0007332549554818827,0.0007395814077847964,0.0007451797494399195,0.0007500313728213414,0.0007541200036227451,0.000757431797800926,0.0007599554252598312,0.0007616821395304859,0.0007626058328105677,0.0007627230758431487,0.0007620331422362207,0.0007605380169519375,0.0007582423888258745,0.0007551536271107689,0.000751281742174882,0.0007466393306209444,0.0007412415052262251,0.0007351058102361471,0.0007282521226716026,0.0007207025404322141,0.0007124812580927577,0.000703614431396376,0.0006941300315446448,0.0006840576904697121,0.000673428538346368,0.0006622750346609818,0.0006506307941988524,0.0006385304093409485,0.00062600927007483,0.0006131033831225118,0.0005998491915702037,0.0005862833963515855,0.0005724427808881442,0.000558364040127976,0.0005440836151494815,0.0005296375344098668,0.000515061262621859,0.0005003895581372209,0.00048565633960427943,0.0004708945625506358,0.00045613610642333705,0.0004414116724989047,0.0004267506929565002,0.0004121812512908073,0.00039773001412845264,0.00038342217440433333,0.00036928140575324096,0.000355329827878663,0.0003415879825754012,0.0003280748200062544,0.0003148076947658941,0.00030180237120742493,0.00028907303745903705,0.0002766323275195095,0.00026449135079190025,0.00025265972839418294,0.00024114563557342368,0.00022995584954579323,0.00021909580208767199,0.0002085696362126893,0.00019838026628505028,0.0001885294409402521,0.00017901780820956664,0.00016984498227377037,0.00016100961130385974,0.00015250944588123254,0.00014434140752643844,0.00013650165690350265,0.00012898566130548067,0.00012178826106580413,0.00011490373457868951,0.00010832586165000336,0.00010204798493716656,9.60630692726356e-05,9.036375869997378e-05,8.49424310843129e-05,7.979125018994562e-05,7.490221514675587e-05,7.026720725410445e-05,6.587803409558457e-05,6.172647096072399e-05,5.780429959023678e-05,5.410334427984453e-05,5.0615505394034323e-05,4.73327903554601e-05,4.4247342188095484e-05,4.135146570279294e-05,3.863765142268482e-05,3.609859735297377e-05,3.3727228705200744e-05,3.151671569015058e-05,2.9460489496258352e-05,2.755225657181691e-05,2.5786011329553517e-05,2.415604739134e-05,2.2656967489016813e-05,2.1283692134636984e-05,2.0031467169954724e-05,1.8895870300775424e-05,1.787281671692367e-05,1.6958563893144234e-05,1.6149715660292682e-05,1.544322562975824e-05,1.4836400047248003e-05,1.4326900144900529e-05,1.39127440532358e-05,1.3592308326732579e-05,1.3364329128893437e-05,1.3227903114550883e-05,1.3182488038920373e-05
3,1.4139651581498036e-05,1.4188617876261765e-05,1.4335710803626622e-05,1.4581512322951098e-05,1.4926991795515289e-05,1.5373505111352884e-05,1.5922793433515593e-05,1.6576981526665366e-05,1.7338575627713483e-05,1.821046080726553e-05,1.9195897761940416e-05,2.0298518969265587e-05,2.1522324128868515e-05,2.287167480614915e-05,2.435128818759486e-05,2.5966229850459726e-05,2.772190544374696e-05,2.9624051172385454e-05,3.167872297226076e-05,3.389228426043242e-05,3.6271392142531946e-05,3.882298195807931e-05,4.1554250044374795e-05,4.447263460080802e-05,4.758579453797416e-05,5.090158619998659e-05,5.44280378539192e-05,5.8173321847481e-05,6.21457243449038e-05,6.635361256167926e-05,7.080539943127711e-05,7.550950565136399e-05,8.047431907335455e-05,8.570815141738866e-05,9.121919231503802e-05,9.701546070418812e-05,0.00010310475362457378,0.00010949459248830475,0.00011619216692730798,0.00012320427634881741,0.0001305372693607072,0.0001381969812604096,0.00014618866981417115,0.00015451694958723157,0.00016318572511987955,0.0001721981232789369,0.00018155642514870095,0.0001912619978593602,0.0002013152267839839,0.00021171544856694733,0.00022246088547662877,0.00023354858160293834,0.000244974341445216,0.0002567326714577777,0.0002688167251383858,0.0002812182522586778,0.000293927552844622,0.00030693343651889634,0.00032022318781528016,0.0003337825380672802,0.00034759564445893085,0.00036164507680468876,0.0003759118125973445,0.00039037524082770396,0.0004050131750373744,0.0004198018760162866,0.00043471608449970696,0.00044972906415561333,0.0004648126550827353,0.000479937337962692,0.0004950723089270328,0.0005101855651122237,0.000525244000783483,0.0005402135138126956,0.0005550591221973982,0.0005697450902080502,0.0005842350636506215,0.0005984922136321215,0.0006124793881192767,0.0006261592704864088,0.0006394945441589218,0.0006524480623749015,0.0006649830220103962,0.0006770631403450944,0.0006886528335854047,0.0006997173959123489,0.0007102231777829952,0.0007201377621871201,0.0007294301375459124,0.0007380708659372383,0.0007460322453424932,0.0007532884646334656,0.0007598157500538488,0.0007655925019988293,0.0007705994209571991,0.0007748196215531899,0.0007782387337090886,0.0007808449900439487,0.0007826292987275548,0.0007835853011213068,0.0007837094136578836,0.0007830008535383868,0.0007814616479579783,0.0007790966267076751,0.0007759133981396387,0.0007719223086247108,0.0007671363857726952,0.0007615712658265617,0.000755245105779826,0.0007481784809003557,0.0007403942684721912,0.0007319175186880914,0.0007227753137378825,0.0007129966162397991,0.0007026121082523954,0.0006916540221819946,0.0006801559649637927,0.0006681527369426761,0.0006556801469117261,0.0006427748247817344,0.0006294740333535626,0.000615815480646856,0.0006018371342037995,0.0005875770387358905,0.000573073138416029,0.0005583631050387866,0.00054348417317994,0.0005284729833839234,0.0005133654342965495,0.0004981965445421453,0.0004830003250211165,0.0004678096621779324,0.00045265621266258195,0.00043757030968259573,0.00042258088121953976,0.00040771538016508605,0.0003929997263188003,0.0003784582600838988,0.00036411370759944985,0.0003499871569586456,0.0003360980450834453,0.0003224641547564968,0.0003091016212519675,0.00029602494795779146,0.00028324703034271655,0.0002707791875921346,0.00025863120121659,0.00024681135992558027,0.0002353265100561901,0.00022418211085058402,0.00021338229388771958,0.000202929925992097,0.0001928266749651898,0.00018307307751264942,0.00017366860877171514,0.00016461175287776192,0.0001559000740459061,0.00014753028768240228,0.00013949833108060407,0.00013179943329695936,0.00012442818384336446,0.00011737859987274305,0.00011064419157454782,0.00010421802553564758,9.809278585945913e-05,9.226083287196062e-05,8.67142592771762e-05,8.14449436566904e-05,7.644460123761608e-05,7.170483188112043e-05,6.721716526906203e-05,6.297310328949165e-05,5.8964159642728067e-05,5.518189670847173e-05,5.1617959731012805e-05,4.826410839409528e-05,4.511224586949322e-05,4.2154445433932086e-05,3.93829747577416e-05,3.679031797566312e-05,3.4369195655658e-05,3.211258278548164e-05,3.001372489930934e-05,2.806615246792968e-05,2.6263693676063018e-05,2.4600485709317162e-05,2.3070984671255487e-05,2.1669974248117112e-05,2.039257323498043e-05,1.923424203268371e-05,1.8190788219684872e-05,1.7258371297330094e-05,1.6433506700773065e-05,1.571306916110582e-05,1.5094295497184428e-05,1.4574786908211021e-05,1.4152510830416007e-05,1.3825802413214398e-05,1.3593365662029739e-05,1.3454274286625102e-05,1.3407972285288787e-05
4,1.4479917977631507e-05,1.4530230808416563e-05,1.4681370242549888e-05,1.4933938940675177e-05,1.5288940783251788e-05,1.57477800222366e-05,1.6312260058725946e-05,1.6984581812040374e-05,1.7767341636154897e-05,1.8663528730013687e-05,1.9676521979174103e-05,2.0810086157457114e-05,2.2068367408899392e-05,2.3455887922370237e-05,2.4977539703801983e-05,2.663857734415757e-05,2.8444609675100258e-05,3.040159019891817e-05,3.251580617467668e-05,3.479386623891196e-05,3.724268643653363e-05,3.9869474536066936e-05,4.2681712503034485e-05,4.568713700625256e-05,4.88937178341967e-05,5.230963410247446e-05,5.5943248138925426e-05,5.980307694004267e-05,6.389776110136126e-05,6.823603113526802e-05,7.282667110242153e-05,7.767847949768925e-05,8.280022734825432e-05,8.820061350034462e-05,9.388821709189847e-05,9.987144723139533e-05,0.00010615848992800563,0.00011275725234509357,0.00011967530447784828,0.00012691981838630346,0.000134497505147082,0.00014241454972068764,0.00015067654396583777,0.0001592884180679454,0.0001682543706851127,0.0001775777981515847,0.00018726122311515963,0.00019730622302117635,0.00020771335889097826,0.00021848210487673098,0.00022961077910667533,0.00024109647636482603,0.00025293500317626793,0.0002651208158930201,0.00027764696239541146,0.00029050502803949356,0.0003036850864916956,0.00031717565609718114,0.00033096366242772946,0.0003450344076479702,0.0003593715473250578,0.00037395707528602656,0.00038877131709882663,0.00040379293271720576,0.00041899892878602613,0.00043436468105227406,0.0004498639672679789,0.0004654690109046998,0.0004811505359254434,0.0004968778327792571,0.000512618835696844,0.0005283402112730082,0.0005440074582243598,0.0005595850181093842,0.0005750363966937064,0.0005903242955372905,0.000605410753273592,0.0006202572959446026,0.0006348250956516151,0.0006490751366807587,0.0006629683881662585,0.000676465982264327,0.0006895293967278911,0.0007021206406982492,0.0007142024424653733,0.0007257384378949713,0.0007366933581784791,0.000747033215532635,0.000756725485458758,0.0007657392841687291,0.0007740455397952005,0.000781617156027772,0.00078842916685471,0.0007944588811409198,0.0007996860158369728,0.000804092816690423,0.0008076641654188228,0.0008103876724029355,0.000812253754067836,0.0008132556942379111,0.0008133896888782116,0.0008126548737680963,0.0008110533347924783,0.0008085901006800279,0.0008052731181651378,0.0008011132096999463,0.0007961240139928472,0.0007903219097992137,0.0007837259235369562,0.0007763576214424514,0.0007682409871196471,0.0007594022854650998,0.0007498699140726461,0.000739674243331698,0.0007288474465311757,0.0007174233213653434,0.0007054371043069552,0.0006929252793659422,0.0006799253827874717,0.0006664758052608683,0.0006526155932102692,0.0006383842507189266,0.0006238215436020701,0.0006089673070888646,0.0005938612585032212,0.0005785428162473529,0.0005630509262926061,0.0005474238972710823,0.0005316992451409148,0.0005159135482699492,0.0005001023136492183,0.00048429985481126365,0.0004685391818912258,0.0004528519041328119,0.0004372681450087183,0.0004218164699976015,0.0004065238269388349,0.0003914154987733794,0.0003765150683752434,0.0003618443950840413,0.00034742360246569877,0.0003332710767557749,0.00031940347537832574,0.00030583574488271,0.0002925811476010073,0.00027965129629943893,0.00026705619607786423,0.00025480429276147356,0.00024290252702754763,0.00023135639351686056,0.00022017000419319088,0.0002093461552346742,0.00019888639676655416,0.00018879110477546953,0.00017905955457994902,0.00016968999526951187,0.00016067972456495247,0.00015202516359433767,0.00014372193112232294,0.00013576491681400505,0.00012814835315814907,0.00012086588571777003,0.00011391064141830398,0.00010727529462459793,0.00010095213079738398,9.493310755751897e-05,8.920991302186686e-05,8.377402130812108e-05,7.86167451369893e-05,7.372928548892745e-05,6.910277829896892e-05,6.472833819714442e-05,6.059709932354766e-05,5.670025326631716e-05,5.302908418773472e-05,4.9575001218370123e-05,4.632956821181851e-05,4.328453096318412e-05,4.043184200317192e-05,3.776368308656805e-05,3.527248549913949e-05,3.295094831067743e-05,3.079205470416496e-05,2.878908651198033e-05,2.6935637089763203e-05,2.522562265717888e-05,2.3653292232416904e-05,2.2213236283951073e-05,2.0900394218959556e-05,1.9710060822941545e-05,1.8637891759550106e-05,1.7679908233563435e-05,1.6832500913307284e-05,1.6092433201781855e-05,1.5456843938295518e-05,1.4923249604617522e-05,1.4489546101581075e-05,1.415401015374084e-05,1.391530039115552e-05,1.3772458148664397e-05,1.3724908014190407e-05
5,1.4919806489669737e-05,1.4971862985777373e-05,1.5128242381131023e-05,1.538957423913311e-05,1.5756907301248844e-05,1.6231708672383018e-05,1.6815862643860357e-05,1.7511669117657222e-05,1.832184158542711e-05,1.9249504605973706e-05,2.029819071520655e-05,2.1471836693322846e-05,2.2774779105055894e-05,2.4211749020381095e-05,2.5787865815143914e-05,2.7508629943745626e-05,2.937991456937112e-05,3.1407955931352744e-05,3.359934232422471e-05,3.596100155892693e-05,3.8500186773563874e-05,4.122446045921383e-05,4.414167656562152e-05,4.725996055229879e-05,5.0587687252710465e-05,5.413345642294319e-05,5.790606585164782e-05,6.19144819152135e-05,6.616780747116841e-05,7.067524699379854e-05,7.544606886900865e-05,8.048956478058971e-05,8.581500613735236e-05,9.143159751007812e-05,9.734842706894113e-05,0.00010357441403596181,0.00011011825319313652,0.00011698835651509091,0.00012419279202534038,0.00013173922000739112,0.00013963482673583054,0.0001478862559280447,0.00015649953815404584,0.00016548001847982696,0.00017483228265838843,0.00018456008222176432,0.00019466625886663925,0.00020515266856507643,0.0002160201058700331,0.00022726822892223548,0.00023889548570012195,0.00025089904208740166,0.0002632747123627677,0.00027601689274287975,0.00028911849863231474,0.00030257090625219796,0.0003163638993320982,0.00033048562155694403,0.000344922535461658,0.00035965938846041625,0.00037467918668446313,0.0003899631772818458,0.00040549083980395207,0.00042123988726707053,0.0004371862774321856,0.0004533042347927924,0.0004695662836987127,0.0004859432929738643,0.0005024045323079624,0.0005189177406166282,0.0005354492064718922,0.0005519638606062922,0.0005684253803895031,0.000584796306067658,0.0006010381684432993,0.0006171116275594516,0.0006329766218359329,0.0006485925269910984,0.000663918323969219,0.000678912774984116,0.000693534606685016,0.0007077426993523678,0.0007214962809410094,0.0007347551247069847,0.0007474797490837424,0.0007596316184145591,0.0007711733431017924,0.0007820688777008158,0.0007922837154678094,0.0008017850778664455,0.0008105420975491047,0.0008185259933536519,0.0008257102358968122,0.0008320707023995105,0.0008375858194476697,0.0008422366924733124,0.000846007220834607,0.0008488841974789402,0.0008508573922892369,0.0008519196183396115,0.0008520667804209609,0.000851297905339185,0.00084961515363719,0.0008470238125454484,0.0008435322701233709,0.0008391519707137285,0.0008338973519933868,0.0008277857640641672,0.0008208373711860909,0.0008130750369099189,0.0008045241935149734,0.0007952126967998971,0.0007851706674063996,0.0007744303199773025,0.0007630257815584693,0.0007509929007477987,0.0007383690491717133,0.0007251929169291333,0.0007115043036835998,0.0006973439071051546,0.0006827531103642797,0.0006677737703605314,0.0006524480083287109,0.0006368180044062091,0.0006209257976676102,0.0006048130930381922,0.0005885210763884472,0.0005720902389892154,0.0005555602123738315,0.0005389696145122549,0.0005223559080550804,0.0005057552712551502,0.0004892024820237102,0.00047273081542907245,0.0004563719548007397,0.00044015591646292987,0.00042411098799010157,0.00040826367975491123,0.00039263868942718207,0.0003772588789818179,0.0003621452636847626,0.00034731701244944196,0.0003327914588917185,0.00031858412235914854,0.00030470873816995116,0.0002911772962681155,0.00027800008748290073,0.0002651857565729189,0.00025274136123624763,0.00024067243627775954,0.00022898306214219478,0.00021767593704554589,0.00020675245196715886,0.00019621276779970053,0.00018605589399292252,0.00017627976806914236,0.0001668813354327626,0.00015785662894223052,0.00014920084775991288,0.00014090843504279755,0.00013297315408417892,0.00012538816256303106,0.00011814608460318809,0.00011123908038836015,0.0001046589131211006,9.839701315384898e-05,9.244453915790337e-05,8.679243623147217e-05,8.143149088071371e-05,7.635238283783036e-05,7.154573370781292e-05,6.700215246034221e-05,6.27122778056783e-05,5.866681751316815e-05,5.4856584748353625e-05,5.1272531519664544e-05,4.790577933843825e-05,4.474764720663978e-05,4.178967705528552e-05,3.902365676332669e-05,3.644164089175626e-05,3.403596927109209e-05,3.1799283582286734e-05,2.972454207164488e-05,2.7805032539610938e-05,2.6034383741436605e-05,2.4406575334860197e-05,2.2915946506127083e-05,2.1557203401051583e-05,2.0325425482453052e-05,1.9216070929276382e-05,1.8224981186106227e-05,1.734838476467504e-05,1.6582900391412075e-05,1.592553958714241e-05,1.5373708756775305e-05,1.4925210858268173e-05,1.4578246711360483e-05,1.4331415997580752e-05,1.4183717993876365e-05,1.4134552072933722e-05
6,1.546111816474007e-05,1.5515324784358956e-05,1.5678165654294116e-05,1.5950303659192495e-05,1.633284310594019e-05,1.6827328952924287e-05,1.7435745692181877e-05,1.816051584581224e-05,1.9004498027272542e-05,1.9970984507637374e-05,2.106369821663269e-05,2.2286789098312947e-05,2.364482973169868e-05,2.5142810117597775e-05,2.6786131524268992e-05,2.858059927662822e-05,3.0532414366429906e-05,3.2648163754366204e-05,3.4934809229408887e-05,3.7399674686073806e-05,4.005043167671834e-05,4.2895083093598356e-05,4.594194483432472e-05,4.919962530468602e-05,5.2677002614660235e-05,5.638319932694136e-05,6.0327554622573135e-05,6.451959375542383e-05,6.89689946763621e-05,7.368555171920485e-05,7.867913625389464e-05,8.39596542280083e-05,8.953700053566157e-05,9.542101017320826e-05,0.00010162140616386046,0.00010814774425848659,0.00011500935444735166,0.0001222152793474013,0.00012977420956177533,0.0001376944161424515,0.00014598368032311542,0.00015464922072733583,0.0001636976182966704,0.0001731347392241578,0.0001829656562204625,0.0001931945684823706,0.00020382472077598956,0.0002148583220894541,0.00022629646435170175,0.00023813904175444246,0.00025038467125327327,0.0002630306148603911,0.00027607270437495277,0.0002895052692271897,0.00030332106813828706,0.0003175112253191425,0.0003320651719468018,0.0003469705936670038,0.0003622133848742651,0.00037777761051673096,0.00039364547616108547,0.000409797307032707,0.0004262115367175541,0.00044286470617468005,0.0004597314736615643,0.00047678463611850564,0.0004939951624931408,0.0005113322394118631,0.0005287633295217777,0.0005462542427352589,0.0005637692205097196,0.0005812710331885959,0.0005987210903166439,0.0006160795637244887,0.0006333055230551152,0.0006503570832799723,0.0006671915636260143,0.0006837656572088641,0.0007000356105429847,0.0007159574119789684,0.0007314869880024918,0.0007465804062208469,0.0007611940837628701,0.0007752849997281226,0.0007888109102427614,0.000801730564613967,0.0008140039210231566,0.0008255923601614206,0.0008364588951893356,0.0008465683763979727,0.000855887688958756,0.0008643859421768082,0.00087203464870532,0.0008788078922368944,0.0008846824822611519,0.0008896380945654129,0.000893657396256178,0.0008967261541924555,0.0008988333258467695,0.0008999711317448422,0.0009001351087794157,0.0008993241438463092,0.0008975404874104145,0.000894789746774711,0.0008910808589951928,0.0008864260435575117,0.0008808407351056489,0.0008743434966874781,0.000866955914154962,0.0008587024725261435,0.0008496104152800855,0.0008397095877125083,0.0008290322656269033,0.0008176129707712843,0.0008054882745523195,0.0007926965916643007,0.0007792779653583558,0.0007652738461457437,0.0007507268657765524,0.0007356806083605556,0.0007201793804996283,0.0007042679822807508,0.00068799148093546,0.0006713949889063119,0.0006545234479747562,0.0006374214209993957,0.0006201328926910254,0.0006027010807134973,0.0005851682582500746,0.0005675755890163577,0.0005499629755361011,0.0005323689213282365,0.0005148304074851164,0.0004973827839560939,0.0004800596756896203,0.00046289290363328496,0.0004459124204466104,0.00042914626064752287,0.0004126205047915274,0.00039635925717364294,0.0003803846364476899,0.00036471677847588153,0.00034937385065386364,0.0003343720769021659,0.000319725772474044,0.0003054473877013176,0.0002915475597832871,0.00027803517171832786,0.0002649174174823562,0.0002521998725720826,0.0002398865690527907,0.00022798007427928603,0.00021648157249364058,0.00020539094854341548,0.0001947068730082211,0.00018442688806986245,0.00017454749351104843,0.0001650642322789249,0.00015597177510178246,0.00014726400369952287,0.00013893409218024836,0.00013097458626613385,0.0001233774800411009,0.00011613428996034138,0.00010923612590712169,0.0001026737591252701,9.643768689611567e-05,9.051819386625942e-05,8.490540996732345e-05,7.958936490069035e-05,7.456003918920455e-05,6.980741182388338e-05,6.532150455693217e-05,6.109242291285602e-05,5.711039400730686e-05,5.3365801278617996e-05,4.9849216249883814e-05,4.65514274500773e-05,4.346346663120532e-05,4.0576632425024377e-05,3.788251158752371e-05,3.5372997982372075e-05,3.304030945595868e-05,3.087700275667472e-05,2.8875986649808188e-05,2.703053337698754e-05,2.5334288605623102e-05,2.3781280009371804e-05,2.2365924615390125e-05,2.1083035048138777e-05,1.9927824792846283e-05,1.8895912594508257e-05,1.798332610056652e-05,1.718650484724455e-05,1.6502302680972018e-05,1.592798969746588e-05,1.546125377189743e-05,1.5100201744206897e-05,1.4843360314070272e-05,1.4689676690311534e-05,1.4638519029720471e-05
7,1.6106052723635134e-05,1.6162827354533522e-05,1.633338559014964e-05,1.6618430322198606e-05,1.701913257409413e-05,1.7537130785970085e-05,1.817452977216985e-05,1.8933899309853863e-05,1.9818272305838894e-05,2.083114247745995e-05,2.1976461472192295e-05,2.3258635340045815e-05,2.4682520262410388e-05,2.625341743115821e-05,2.7977066962471822e-05,2.9859640721145285e-05,3.1907733923088716e-05,3.412835537654584e-05,3.652891621621074e-05,3.911721697911062e-05,4.190143286691731e-05,4.48900970363803e-05,4.809208175795963e-05,5.151657728260507e-05,5.5173068258107074e-05,5.907130753966391e-05,6.322128724440035e-05,6.763320690665946e-05,7.231743860009764e-05,7.728448890405668e-05,8.254495760547338e-05,8.810949304381348e-05,9.398874402525853e-05,0.00010019330825369825,0.00010673367725002377,0.00011362017775779855,0.00012086290966258938,0.00012847168048403185,0.00013645593653400294,0.00014482469087096915,0.00015358644821951838,0.00016274912706507467,0.0001723199791766007,0.00018230550685442907,0.00019271137824590764,0.0002035423411179139,0.00021480213552207443,0.00022649340583524955,0.0002386176127039993,0.0002511749454667838,0.00026416423567098154,0.0002775828723428057,0.00029142671970621304,0.0003056900380812491,0.0003203654087222713,0.0003354436633814335,0.0003509138194019963,0.00036676302115875605,0.00038297648866849807,0.0003995374741912127,0.0004164272276322951,0.00043362497153651727,0.000451107886435757,0.0004688511072738932,0.00048682773158365206,0.0005050088400313258,0.0005233635298761345,0.0005418589618116555,0.0005604604205674253,0.0005791313895499471,0.0005978336396944587,0.000616527332582702,0.0006351711377584931,0.0006537223640432579,0.0006721371045191231,0.0006903703947091303,0.0007083763833442428,0.0007261085149667952,0.0007435197234817353,0.0007605626356323346,0.0007771897832479387,0.0007933538229897659,0.0008090077622085754,0.0008241051894270727,0.000838600507871794,0.0008524491704054184,0.0008656079141522298,0.0008780349930677831,0.0008896904066794773,0.000900536123218104,0.0009105362953717741,0.0009196574669227502,0.0009278687685743691,0.0009351421013388407,0.000941452305936529,0.0009467773167525166,0.0009510982990058175,0.0009543997679095146,0.0009566696887352518,0.0009578995568417961,0.0009580844568836592,0.0009572231005809044,0.0009553178426040595,0.0009523746743073382,0.0009484031952278252,0.0009434165624565887,0.0009374314181783403,0.0009304677958676756,0.0009225490058203198,0.0009137015008852438,0.000903954723445895,0.0008933409348738329,0.0008818950288433944,0.000869654330049137,0.0008566583800062155,0.000842948711735056,0.0008285686152333538,0.0008135628957183926,0.0007979776266791143,0.0007818598998088274,0.0007652575738949325,0.0007482190247211441,0.0007307928979905062,0.0007130278672048292,0.0006949723983392957,0.0006766745230318621,0.0006581816218680944,0.0006395402191861001,0.0006207957906564378,0.0006019925847116938,0.0005831734587133704,0.0005643797305533281,0.000545651046196698,0.0005270252634861436,0.0005085383523464999,0.0004902243113567986,0.00047211510049561585,0.0004542405897174094,0.00043662852288336285,0.00041930449645121245,0.00040229195222515933,0.0003856121833794941,0.00036928435289788994,0.0003533255235140889,0.0003377506981983242,0.0003225728702065087,0.00030780308169505507,0.00029345048990214533,0.0002795224399052294,0.0002660245429833526,0.0002529607596404244,0.00024033348638056892,0.00022814364536810177,0.00021639077615133497,0.00020507312868026477,0.0001941877569022315,0.00018373061227591422,0.00017369663660166812,0.00016407985362442527,0.00015487345892345103,0.00014606990766053362,0.00013766099981412852,0.00012963796258110257,0.0001219915296796214,0.00011471201733606856,0.00010778939678541597,0.00010121336315798752,9.497340066593381e-05,8.90588440398888e-05,8.345893620017125e-05,7.816288217753718e-05,7.315989932593305e-05,6.843926389401577e-05,6.399035404350529e-05,5.9802689420836494e-05,5.5865967404225664e-05,5.21700961613102e-05,4.870522466312311e-05,4.546176980848634e-05,4.243044081911855e-05,3.96022610700164e-05,3.696858752214622e-05,3.4521127925332494e-05,3.225195595860021e-05,3.0153524473265366e-05,2.8218677000905314e-05,2.64406576841066e-05,2.481311978270009e-05,2.3330132902161385e-05,2.1986189084078882e-05,2.077620789116496e-05,1.969554061129097e-05,1.8739973696539485e-05,1.7905731544356615e-05,1.7189478718613044e-05,1.6588321698800453e-05,1.60998102357484e-05,1.572193838218854e-05,1.5453145256257495e-05,1.529231558565057e-05,1.523878006964691e-05
8,1.6857207484011212e-05,1.6916981560013464e-05,1.7096553796745397e-05,1.7396674097727793e-05,1.7818591886904117e-05,1.836405546334529e-05,1.903531105309936e-05,1.9835101513637166e-05,2.076666463388962e-05,2.1833730960628867e-05,2.3040521069969195e-05,2.4391742191114154e-05,2.589258407821888e-05,2.754871401544238e-05,2.9366270830011127e-05,3.135185777848747e-05,3.351253416252602e-05,3.5855805522307787e-05,3.838961224867273e-05,4.112231644884044e-05,4.406268689563815e-05,4.721988188647297e-05,5.060342983602514e-05,5.422320742594125e-05,5.8089415135811685e-05,6.221254998257244e-05,6.660337530032178e-05,7.127288739953189e-05,7.623227895390557e-05,8.149289897481244e-05,8.706620924746199e-05,9.296373711984804e-05,9.919702455512672e-05,0.00010577757338054792,0.00011271678669140585,0.00012002590639673937,0.00012771594692469713,0.00013579762513955888,0.0001442812865593004,0.00015317682800219967,0.0001624936168331577,0.00017224040702494542,0.00018242525229625328,0.0001930554166369072,0.00020413728258058986,0.0002156762576364572,0.00022767667934273453,0.00024014171945719513,0.000253073287850835,0.00026647193672144315,0.0002803367657925059,0.000294665329209274,0.0003094535448871611,0.00032469560710717763,0.0003403839031880672,0.0003565089350944252,0.000373059246863551,0.00039002135875033505,0.0004073797089983496,0.0004251166041457564,0.0004432121787659731,0.00046164436552462244,0.0004803888764055487,0.0004994191959191513,0.0005187065870555807,0.0005382201106832031,0.0005579266590190565,0.0005777910037128087,0.0005977758589892023,0.000617841960186494,0.0006379481579105509,0.0006580515278968367,0.0006781074965364753,0.0006980699818791519,0.0007178915497761896,0.0007375235846733648,0.0007569164744066909,0.0007760198081974898,0.0007947825868876876,0.0008131534443046268,0.0008310808784990359,0.000848513491462404,0.0008654002358030665,0.0008816906667459266,0.0008973351977208273,0.0009122853577208495,0.0009264940485456839,0.0009399157999978355,0.0009525070210715349,0.0009642262451663506,0.0009750343673696785,0.0009848948718843783,0.0009937740477292895,0.0010016411909104903,0.0010084687913490137,0.001014232702955237,0.0010189122953601602,0.0010224905859480553,0.0010249543509823437,0.0010262942147757797,0.0010265047160259782,0.0010255843506168517,0.0010235355903744985,0.0010203648774613592,0.001016082594293818,0.0010107030090745987,0.0010042441972408236,0.0009967279393398646,0.0009881795960563022,0.0009786279613223398,0.0009681050946485808,0.0009566461340096532,0.0009442890908069605,0.0009310746286059562,0.0009170458275047657,0.0009022479361317044,0.0008867281133883206,0.0008705351621493823,0.0008537192571993034,0.0008363316697240031,0.0008184244906867507,0.0008000503553954575,0.0007812621715171855,0.0007621128527140794,0.00074265505996505,0.0007229409525015169,0.0007030219501262763,0.0006829485085054511,0.0006627699088283708,0.0006425340630231873,0.0006222873355013244,0.0006020743821856772,0.0005819380073599276,0.0005619190386632108,0.0005420562203490958,0.0005223861247334493,0.0005029430815747232,0.00048375912496455644,0.000464863957157791,0.0004462849286400459,0.00042804703361841727,0.000410172920026763,0.0003926829130611483,0.0003755950512028031,0.00035892513364455425,0.0003426867780111385,0.00032689148725290724,0.00031154872459494126,0.00029666599543816266,0.00028224893513431,0.0002683014015912602,0.00025482557170778954,0.00024182204068615683,0.00022928992332561587,0.00021722695645891519,0.00020562960175591932,0.00019449314818263387,0.00018381181346919728,0.00017357884400593944,0.00016378661265163783,0.00015442671400193731,0.0001454900567279491,0.0001369669526548073,0.000128847202307015,0.00012112017670142363,0.00011377489521939717,0.00010680009943692948,0.00010018432283508531,9.391595635305966e-05,8.798330978238573e-05,8.237466903340156e-05,7.707834933408634e-05,7.208274444690269e-05,6.737637201146912e-05,6.294791513988789e-05,5.8786260407540965e-05,5.488053239532162e-05,5.1220124949780266e-05,4.779472933572055e-05,4.459435946157926e-05,4.160937436164761e-05,3.883049812102624e-05,3.624883742932925e-05,3.3855896947730085e-05,3.164359267113594e-05,2.960426346323451e-05,2.7730680937017442e-05,2.6016057847277403e-05,2.4454055154617063e-05,2.3038787912807483e-05,2.1764830122986606e-05,2.0627218689284998e-05,1.9621456601083478e-05,1.874351545731705e-05,1.7989837438103072e-05,1.73573368185451e-05,1.6843401108894554e-05,1.644589189438364e-05,1.616314543701203e-05,1.5993973090408715e-05,1.5937661567628885e-05
9,1.7717575959738778e-05,1.7780796595143035e-05,1.797072663366911e-05,1.828817036733896e-05,1.873446792619382e-05,1.9311494719047997e-05,2.0021660602115724e-05,2.0867908727265567e-05,2.1853714008139013e-05,2.298308112905973e-05,2.4260542008613143e-05,2.5691152617053278e-05,2.728048903436079e-05,2.903464262390779e-05,3.096021418536108e-05,3.3064306939765075e-05,3.53545181897868e-05,3.783892948898364e-05,4.052609514578441e-05,4.34250288807815e-05,4.6545188450045515e-05,4.9896458042637935e-05,5.348912825745654e-05,5.733387346315872e-05,6.144172634532835e-05,6.582404944744444e-05,7.049250351674138e-05,7.545901247288293e-05,8.073572482666965e-05,8.633497138791565e-05,9.226921911631544e-05,9.855102098670837e-05,0.00010519296176075892,0.00011220759958080367,0.0001196074033285509,0.00012740468572150173,0.00013561153215341395,0.00014423972532183186,0.0001533006657255989,0.00016280528815825322,0.00017276397436913427,0.00018318646211269314,0.00019408175085765803,0.00020545800448104265,0.0002173224513271372,0.00022968128206816312,0.00024253954586072622,0.0002559010453500173,0.0002697682311313024,0.00028414209633494916,0.00029902207205636513,0.0003144059244050108,0.00033028965399632324,0.0003466673987561012,0.00036353134094781366,0.00038087161936852713,0.0003986762476878125,0.0004169310399252041,0.00043561954407468314,0.00045472298488837784,0.00047422021682542374,0.0004940876881549497,0.000514299417173772,0.0005348269814589957,0.000555639521022856,0.0005767037561714365,0.0005979840207901414,0.0006194423116869495,0.0006410383545196784,0.0006627296867160615,0.0006844717576659771,0.0007062180463244578,0.0007279201962132084,0.0007495281676485643,0.0007709904068567235,0.0007922540314644613,0.0008132650316774836,0.0008339684862813089,0.0008543087924235791,0.0008742299079645222,0.0008936756050165862,0.0009125897331377161,0.0009309164904979168,0.0009486007012081632,0.0009655880968866097,0.0009818256004414385,0.0009972616099742273,0.0010118462806536844,0.0010255318023778572,0.0010382726710339095,0.0010500259511782787,0.0010607515279961086,0.00107041234645655,0.0010789746356588566,0.001086408116461918,0.0010926861906056446,0.001097786109665012,0.001101689122325181,0.0011043805986275684,0.0011058501300107828,0.001106091604155763,0.0011051032538401992,0.0011028876792122957,0.0010994518431071913,0.0010948070392497553,0.0010889688334139302,0.0010819569778398837,0.0010737952994444686,0.0010645115625959297,0.0010541373074583389,0.0010427076651422775,0.0010302611511229908,0.0010168394386023873,0.0010024871136933898,0.0009872514144906254,0.0009711819562565656,0.0009543304450933262,0.0009367503825840147,0.0009184967639706895,0.000899625772486149,0.0008801944724720669,0.000860260503895356,0.0008398817808179454,0.0008191161962831379,0.0007980213359561198,0.0007766542026996265,0.0007550709540816543,0.0007333266546045762,0.0007114750442186873,0.0006895683244430886,0.0006676569631680364,0.0006457895189605687,0.0006240124854442844,0.0006023701560791505,0.000580904509432232,0.0005596551148087967,0.0005386590579082365,0.0005179508859828981,0.000497562571811864,0.0004775234956569227,0.00045786044424489444,0.00043859762571903647,0.000419756699421979,0.0004013568193126995,0.00038341468977931364,0.00036594463258663086,0.0003489586636910177,0.00033246657866358483,0.0003164760454844372,0.0003009927035040953,0.00028602026741160523,0.00027156063510074013,0.0002576139983845784,0.0002441789555731811,0.0002312526249977655,0.00021883075863643245,0.00020690785507001118,0.0001954772710708946,0.0001845313312019104,0.00017406143487548137,0.00016405816039483331,0.00015451136556819513,0.0001454102845532606,0.00013674362065222863,0.0001284996348371517,0.00012066622984085323,0.00011323102970014309,0.00010618145468535896,9.950479159334822e-05,9.318825941989913e-05,8.721907046239157e-05,8.158448693417703e-05,7.627187319905477e-05,7.126874375735693e-05,6.656280713478008e-05,6.214200584141079e-05,5.79945525816066e-05,5.4108962905730104e-05,5.047408450242109e-05,4.707912333534588e-05,4.391366683140513e-05,4.0967704328417315e-05,3.823164498952531e-05,3.569633338918867e-05,3.3353062971798204e-05,3.119358757885162e-05,2.921013123440798e-05,2.7395396371338324e-05,2.5742570672833877e-05,2.424533269484041e-05,2.289785642565955e-05,2.1694814928988128e-05,2.0631383206237707e-05,1.9703240403161e-05,1.890657147467219e-05,1.8238068410341652e-05,1.7694931111418308e-05,1.727486799842739e-05,1.697609641644278e-05,1.6797342893071706e-05,1.6737843292042122e-05
10,1.8690546072932656e-05,1.8757678216664704e-05,1.8959363503581232e-05,1.929646841758386e-05,1.977043681344008e-05,2.038328946282266e-05,2.1137623366124003e-05,2.2036610777580432e-05,2.3083997876508823e-05,2.4284103002926463e-05,2.5641814361551464e-05,2.7162587084224996e-05,2.8852439527227108e-05,3.071794866685016e-05,3.2766244444032674e-05,3.500500289693479e-05,3.744243790915834e-05,4.008729139099332e-05,4.29488217017312e-05,4.6036790112860275e-05,4.9361445104991165e-05,5.29335042858085e-05,5.676413371236915e-05,6.086492439884094e-05,6.524786579047728e-05,6.992531598643463e-05,7.49099684981515e-05,8.021481533660391e-05,8.585310623102356e-05,9.18383037937895e-05,9.81840344613585e-05,0.00010490403505944329,0.00011201209486232908,0.00011952199304136123,0.0001274474314263441,0.00013580196253593142,0.00014459891286910278,0.00015385130148950398,0.00016357175397773942,0.00017377241187354464,0.00018446483777999519,0.0001956599163553186,0.0002073677514742101,0.00021959755989948613,0.0002323575618660515,0.00024565486904206,0.000259495370396286,0.00027388361656551587,0.00028882270338056673,0.0003043141552736225,0.0003203578093521855,0.00033695170098524386,0.00035409195180437095,0.00037177266107549684,0.0003899858014450554,0.00040872112010614467,0.0004279660464652353,0.00044770560741682936,0.00046792235135129936,0.0004885962820289663,0.0005097048034503454,0.0005312226768375338,0.0005531219908140975,0.0005753721458298238,0.0005979398538217149,0.0006207891540331268,0.000643881445828672,0.0006671755392432644,0.0006906277238895389,0.0007141918567191084,0.000737819468990284,0.0007614598926387702,0.0007850604060795851,0.0008085663992894591,0.0008319215578309527,0.0008550680652845742,0.0008779468233555889,0.0009004976887206214,0.0009226597254784195,0.0009443714718722711,0.000965571219761729,0.0009861973051416245,0.0010061884078400225,0.0010254838583766785,0.0010440239498324924,0.0010617502524707364,0.0010786059287644647,0.0010945360464229142,0.0011094878869738535,0.0011234112474490915,0.0011362587327365874,0.0011479860362041358,0.0011585522062654348,0.0011679198966479797,0.0011760555982321262,0.0011829298504600354,0.0011885174304602584,0.0011927975181968227,0.001195753836129217,0.0011973747620603278,0.0011976534140519612,0.0011965877065011213,0.00119418037669383,0.0011904389813862043,0.0011853758632038977,0.0011790080868999716,0.0011713573457666428,0.0011624498387566673,0.001152316119133592,0.001140990915734401,0.0011285129281904532,0.001114924597709773,0.0011002718552719966,0.0010846038493224292,0.0010679726552693127,0.0010504329692839392,0.0010320417890720519,0.0010128580844227153,0.0009929424604434981,0.0009723568164550567,0.0009511640035415372,0.000929427483734038,0.0009072109937423255,0.000884578216045767,0.0008615924600100587,0.0008383163555148296,0.0008148115613627799,0.0007911384904986504,0.0007673560538017312,0.0007435214239348914,0.0007196898204425992,0.0006959143169963126,0.0006722456713939798,0.000648732178636674,0.0006254195471344957,0.0006023507978399563,0.000579566185873456,0.0005571031439947077,0.0005349962470877719,0.0005132771966667094,0.0004919748242740267,0.00047111511253477455,0.0004507212325445517,0.0004308135962085917,0.00041140992211004317,0.0003925253134667995,0.00037417234673592695,0.00035636116944096535,0.00033909960582816594,0.0003223932690011733,0.0003062456782378609,0.00029065838025620023,0.0002756310732664589,0.0002611617327230912,0.0002472467377698954,0.0002338809974550025,0.0002210580758767571,0.00020877031550643464,0.00019700895801797258,0.00018576426203760035,0.0001750256173066411,0.00016478165482817253,0.00015502035264212017,0.00014572913694326878,0.0001368949783222712,0.00012850448297076097,0.0001205439787479668,0.00011299959605770487,0.00010585734353126795,9.91031785535937e-05,9.272307270727346e-05,8.670307224160742e-05,8.102935370220514e-05,7.568827488078218e-05,7.066642126505099e-05,6.59506481851933e-05,6.152811886659213e-05,5.7386338608554325e-05,5.3513185315931485e-05,4.9896936615103995e-05,4.6526293787978437e-05,4.339040275770155e-05,4.047887235794018e-05,3.7781790114029795e-05,3.528973575925111e-05,3.299379270314061e-05,3.0885557661242176e-05,2.895714864721842e-05,2.7201211518899752e-05,2.5610925259780144e-05,2.4180006166782643e-05,2.2902711103911888e-05,2.177383996977205e-05,2.078873751493014e-05,1.994329463281272e-05,1.923394923529282e-05,1.865768681140079e-05,1.821204075471794e-05,1.7895092532017575e-05,1.7705471752632686e-05,1.764235618487572e-05
11,1.977989790588015e-05,1.9851426516757107e-05,2.0066324689208748e-05,2.0425529385689472e-05,2.0930602012047605e-05,2.1583728091425658e-05,2.2387716750318515e-05,2.3345999959553743e-05,2.4462631456848985e-05,2.5742285261685254e-05,2.71902536775668e-05,2.8812444661379306e-05,3.061537842457732e-05,3.260618311640755e-05,3.479258942539492e-05,3.718292392198087e-05,3.9786100952619136e-05,4.261161288392417e-05,4.566951848476506e-05,4.8970429224650506e-05,5.252549325851469e-05,5.634637686126228e-05,6.044524307034152e-05,6.483472729138312e-05,6.952790962076634e-05,7.453828364006196e-05,7.987972144086869e-05,8.556643464481794e-05,9.161293119269067e-05,9.803396768887836e-05,0.00010484449710303417,0.00011205961164989297,0.00011969448069106594,0.00012776428352929414,0.00013628413699630452,0.00014526901777014918,0.00015473367939678704,0.00016469256403370166,0.00017515970898051355,0.00018614864811275435,0.00019767230839008585,0.00020974290166905942,0.0002223718121127605,0.0002355694795550178,0.00024934527924487407,0.000263707398467224,0.00027866271060736673,0.00029421664730005777,0.0003103730693767723,0.0003271341373975278,0.00034450018262490665,0.00036246957936696844,0.0003810386196815603,0.0004002013914961221,0.0004199496612533507,0.0004402727622429601,0.00046115748982210217,0.00048258800476067807,0.000504545745971616,0.0005270093538991094,0.0005499546058386894,0.0005733543644508113,0.0005971785407033801,0.0006213940724374329,0.0006459649196932542,0.0006708520778608844,0.000696013609628794,0.000721404696597182,0.0007469777112978028,0.0007726823102206928,0.000798465548290068,0.0008242720150578713,0.0008500439926950643,0.0008757216356593528,0.0009012431717054888,0.000926545123682938,0.0009515625513382117,0.0009762293121085728,0.0010004783396634941,0.0010242419387237712,0.0010474520944693138,0.0010700407946391986,0.0010919403622353374,0.0011130837965676675,0.0011334051202274396,0.0011528397294488144,0.001171324745219894,0.0011887993624342618,0.0012052051943340339,0.0012204866094857035,0.0012345910585502332,0.0012474693881579487,0.001259076139275202,0.0012693698275515722,0.0012783132032613282,0.0012858734885986783,0.0012920225902507436,0.0012967372853531155,0.0012999993791285589,0.0013017958327183983,0.0013021188599373088,0.0013009659919148318,0.0012983401088303816,0.0012942494382023964,0.001288707519456223,0.0012817331347687595,0.0012733502064700038,0.0012635876615712902,0.0012524792642853604,0.0012400634177022131,0.0012263829360838405,0.0012114847895368108,0.001195419823109772,0.0011782424526383818,0.0011600103399174344,0.0011407840500133428,0.0011206266937337905,0.001099603558439696,0.001077781730512436,0.001055229712872104,0.0010320170409770283,0.0010082139007185835,0.0009838907515577473,0.0009591179581315178,0.0009339654333905171,0.0009085022961175038,0.0008827965454252083,0.0008569147545470064,0.000830921785922521,0.0008048805292498276,0.0007788516638343708,0.0007528934462196589,0.0007270615237436407,0.000701408774334089,0.0006759851725421782,0.0006508376815207074,0.0006260101703859314,0.0006015433561625972,0.0005774747693023521,0.0005538387415870697,0.0005306664150809097,0.0005079857706774063,0.0004858216746993509,0.00046419594194800374,0.00044312741356224193,0.00042263204803539623,0.0004027230237454173,0.0003834108513802486,0.00036470349468251736,0.0003466064979935636,0.00032912311914423095,0.00031225446631663215,0.00029599963758533844,0.00028035586193630253,0.00026531864065565,0.00025088188807673064,0.00023703807077114062,0.00022377834436656434,0.0002110926872701517,0.00019897003066977943,0.00018739838427612115,0.0001763649573552705,0.0001658562746841564,0.00015585828713869808,0.00014635647669723398,0.0001373359557089764,0.00012878156033895412,0.00012067793815704692,0.00011300962988931013,0.00010576114539492287,9.891703397191167e-05,9.246194912949969e-05,8.638070799473941e-05,8.065834554626719e-05,7.528016388885551e-05,7.023177679923197e-05,6.549914978668648e-05,6.106863592161236e-05,5.6927007691621786e-05,5.3061485148543496e-05,4.9459760610732636e-05,4.611002018397543e-05,4.300096236110834e-05,4.012181395553541e-05,3.746234361733907e-05,3.501287317284366e-05,3.276428701949222e-05,3.070803979790471e-05,2.8836162552149082e-05,2.7141267577709982e-05,2.561655214450108e-05,2.4255801269639524e-05,2.3053389701674137e-05,2.2004283264609626e-05,2.1104039696462656e-05,2.0348809103277144e-05,1.973533413556063e-05,1.9260949980019263e-05,1.892358424529514e-05,1.8721756806170798e-05,1.8654579656420514e-05
12,2.0989800910995963e-05,2.106623315499126e-05,2.1295868651997058e-05,2.1679723671684775e-05,2.221949190323448e-05,2.2917544283522845e-05,2.3776928693843484e-05,2.48013694625702e-05,2.599526659351696e-05,2.7363694622272864e-05,2.8912400985549564e-05,3.064780377163338e-05,3.257698870345542e-05,3.47077051896594e-05,3.704836126345155e-05,3.9608017214062015e-05,4.239637770145105e-05,4.542378213158492e-05,4.8701193057331535e-05,5.2240182358943594e-05,5.605291494838076e-05,6.015212973356075e-05,6.455111757222316e-05,6.92636959406554e-05,7.430418004029115e-05,7.968735006538507e-05,8.542841435783698e-05,9.1542968181029e-05,9.804694785350379e-05,0.00010495657999569392,0.00011228832565895504,0.00012005881912608782,0.00012828480119656758,0.00013698304679802973,0.00014617028679834564,0.00015586312392999656,0.00016607794278050635,0.0001768308138494608,0.00018813739172412555,0.0002000128074817901,0.0002124715554875946,0.00022552737482152305,0.00023919312563719665,0.0002534806608277206,0.00026840069344968143,0.0002839626604349453,0.00030017458320055865,0.0003170429258491141,0.0003345724517346407,0.0003527660792515556,0.0003716247377855364,0.00039114722484433944,0.00041133006546251893,0.0004321673750455644,0.00045365072688497305,0.0004757690256349873,0.0004985083880928742,0.0005218520326664211,0.0005457801789434717,0.000570269958797528,0.0005952953404694234,0.0006208270670566036,0.0006468326108174528,0.0006732761446572796,0.000700118532104059,0.0007273173370049483,0.0007548268540782954,0.0007825981613398586,0.0008105791952860183,0.0008387148495609785,0.0008669470976596659,0.0008952151400240569,0.0009234555756791354,0.0009516025983272693,0.0009795882165785732,0.001007342497742428,0.0010347938343448174,0.0010618692322710657,0.0010884946191679055,0.0011145951714768149,0.0011400956582168311,0.0011649207993941805,0.0011889956366926738,0.0012122459138973578,0.0012345984643283789,0.001255981602415967,0.0012763255164336901,0.0012955626593276516,0.0013136281345352513,0.0013304600736786102,0.0013460000030440888,0.0013601931958188117,0.0013729890071456263,0.0013843411891765478,0.0013942081834485294,0.001402553388071217,0.0014093453974012606,0.0014145582120792261,0.0014181714175210674,0.0014201703291849702,0.0014205461031752092,0.0014192958109970235,0.0014164224775403363,0.001411935081645643,0.0014058485188927663,0.0013981835265525462,0.001388966570952603,0.001378229697830312,0.001366010346577517,0.0013523511296199744,0.0013372995785167307,0.0013209078587064435,0.0013032324551637711,0.0012843338315534584,0.0012642760657758144,0.0012431264650777716,0.0012209551641512017,0.0011978347098473966,0.001173839636296821,0.0011490460343305524,0.0011235311191495363,0.001097372800176803,0.0010706492569547534,0.0010434385248151126,0.0010158180938557159,0.0009878645245103876,0.0009596530827020074,0.0009312573972320235,0.0009027491416909476,0.0008741977427831629,0.000845670116555406,0.0008172304336111197,0.0007889399139915584,0.0007608566520172814,0.0007330354710175866,0.0007055278075364216,0.0006783816242958389,0.0006516413509253665,0.0006253478512295944,0.0005995384155675996,0.0005742467767562084,0.0005495031477833952,0.0005253342795265184,0.0005017635366102545,0.0004788109895083603,0.00045649352098889106,0.0004348249450212922,0.000413816136302894,0.00039347516861893057,0.0003738074603215121,0.0003548159252964308,0.00033650112787985645,0.000318861440287669,0.00030189320122632056,0.00028559087446389817,0.0002699472062517613,0.00025495338059928975,0.00024059917151553206,0.0002268730914407437,0.0002137625351969167,0.0002012539188885597,0.00018933281328246994,0.00017798407128745097,0.0001671919492414144,0.00015694022179372542,0.00014721229024478616,0.00013799128427257799,0.00012926015703718644,0.00012100177370926113,0.00011319899351706495,0.00010583474544942605,9.889209778878187e-05,9.235432167987774e-05,8.620494896588062e-05,8.042782454502877e-05,7.500715351781975e-05,6.992754340750234e-05,6.517404174564327e-05,6.0732169320143166e-05,5.658794938561982e-05,5.2727933135890455e-05,4.913922173568007e-05,4.5809485203950465e-05,4.272697843465667e-05,3.9880554632542324e-05,3.7259676432010824e-05,3.485442495635958e-05,3.2655507062925195e-05,3.0654261007121286e-05,2.8842660745102044e-05,2.7213319080979376e-05,2.575948985026875e-05,2.447506931663158e-05,2.3354596944098617e-05,2.2393255691865373e-05,2.158687196350062e-05,2.0931915327046254e-05,2.042549810704479e-05,2.0065374934036822e-05,1.9849942321542857e-05,1.97782383249971e-05
13,2.232481048810845e-05,2.240667795796455e-05,2.2652648699541802e-05,2.306382772135369e-05,2.3642056736052005e-05,2.4389914173744574e-05,2.5310715131944608e-05,2.6408511193592592e-05,2.7688090025205193e-05,2.91549746479851e-05,3.0815422255721066e-05,3.267642243457995e-05,3.474569462151251e-05,3.703168462004377e-05,3.954355997479231e-05,4.229120398926974e-05,4.5285208155475676e-05,4.853686274866535e-05,5.205814532658286e-05,5.586170685959644e-05,5.996085520673553e-05,6.436953564281827e-05,6.910230813389988e-05,7.417432105240586e-05,7.960128101979394e-05,8.539941856368272e-05,9.158544927837119e-05,9.81765301828337e-05,0.00010519021097890176,0.0001126443799247208,0.0001205572040549837,0.00012894706350016202,0.0001378324796822394,0.00014723203719453192,0.0001571642992082593,0.0001676477162887812,0.0001787005285499505,0.00019034066112593947,0.00020258561299617557,0.00021545233926062603,0.0002289571270294774,0.00024311546516305656,0.0002579419081743526,0.00027344993468734607,0.00028965180092906844,0.00030655838982133907,0.0003241790563288024,0.00034252146981246555,0.00036159145423156585,0.00038139282713034635,0.00040192723843915227,0.00042319401021008083,0.0004451899784950173,0.0004679093386570275,0.0004913434954834135,0.0005154809195388976,0.0005403070112589621,0.0005658039743348663,0.0005919506999818211,0.0006187226637087389,0.0006460918362203926,0.0006740266100792993,0.0007024917437337612,0.0007314483244789176,0.0007608537518581868,0.0007906617429319627,0.0008208223607379854,0.0008512820671426971,0.000881983801134658,0.000912867083439628,0.0009438681481424197,0.00097492010178379,0.00100595311016264,0.001036894612816322,0.0010676695648772507,0.0010982007057151713,0.0011284088534749416,0.001158213224313627,0.0011875317748328605,0.001216281565897857,0.0012443791457388013,0.0012717409499491384,0.0012982837157343697,0.001323924907529724,0.0013485831509005913,0.0013721786714702448,0.001394633735488629,0.0014158730885662375,0.0014358243890495884,0.0014544186325094572,0.0014715905638485716,0.0014872790736095258,0.001501427575172924,0.0015139843596762835,0.0015249029256517942,0.0015341422805714073,0.0015416672116970584,0.0015474485238588433,0.0015514632420222385,0.0015536947767553426,0.0015541330509680222,0.0015527745865668056,0.0015496225499531447,0.0015446867555893437,0.0015379836271672566,0.0015295361162408028,0.0015193735785250027,0.0015075316084214598,0.0014940518327018282,0.001478981664664647,0.0014623740204733537,0.001444286999779581,0.0014247835331297688,0.0014039309990373937,0.001381800813969364,0.0013584679988343043,0.0013340107258630642,0.0013085098500285207,0.0012820484293537269,0.0012547112385968662,0.001226584280872049,0.0011977543017623262,0.0011683083104032778,0.001138333111862587,0.0011079148549159503,0.0010771385990280004,0.0010460879039961542,0.0010148444453150335,0.0009834876578802328,0.0009520944101845624,0.0009207387106796314,0.0008894914474927116,0.0008584201622144203,0.0008275888580170517,0.000797057841934956,0.0007668836007442846,0.0007371187095249253,0.0007078117716760821,0.0006790073888906478,0.0006507461593726591,0.0006230647024059509,0.0005959957072487423,0.0005695680042357062,0.000543806655912893,0.0005187330660081845,0.0004943651040470502,0.000470717243456536,0.0004478007110560154,0.00042562364590778,0.00040419126559078936,0.0003835060380638117,0.0003635678573969958,0.00034437422177110495,0.0003259204122689369,0.00030819967111181634,0.0002912033781236391,0.00027492122433417495,0.0002593413817607495,0.00024445066853180105,0.00023023470863606455,0.00021667808569637373,0.00020376449027654042,0.0001914768603328734,0.00017979751451817791,0.00016870827813521145,0.00015819060161835689,0.00014822567149663514,0.00013879451385812491,0.00012987809039550368,0.00012145738716496078,0.00011351349623641411,0.0001060276904521066,9.898149154361288e-05,9.235673188445076e-05,8.613561017726484e-05,8.030074139136204e-05,7.48352012786497e-05,6.972256580418251e-05,6.494694583197604e-05,6.049301740788646e-05,5.634604797956921e-05,5.2491918889168304e-05,4.891714446778255e-05,4.5608888052213005e-05,4.255497523429654e-05,3.9743904641524155e-05,3.716485653486088e-05,3.480769949592465e-05,3.2662995461125856e-05,3.072200334516992e-05,2.897668148061876e-05,2.7419689084106425e-05,2.6044386943406085e-05,2.484483750293142e-05,2.3815804508488208e-05,2.2952752355226093e-05,2.22518452658148e-05,2.170994640891385e-05,2.1324617051042106e-05,2.1094115817995627e-05,2.1017398125017727e-05
14,2.37898638298734e-05,2.387772478680002e-05,2.4141708920157405e-05,2.4583020075307388e-05,2.5203664842516915e-05,2.6006452791282917e-05,2.699499672309236e-05,2.8173712867437006e-05,2.954782092459355e-05,3.112334383751508e-05,3.290710715420771e-05,3.4906737821244674e-05,3.7130662228670947e-05,3.958810330655594e-05,4.228907645396019e-05,4.524438406220685e-05,4.8465608376223515e-05,5.196510242049275e-05,5.575597869999293e-05,5.9852095371610913e-05,6.426803956807831e-05,6.901910754475088e-05,7.412128130976857e-05,7.959120139057013e-05,8.544613538467906e-05,9.170394194043006e-05,9.838302981418351e-05,0.00010550231165490682,0.00011308115217512067,0.000121139310379446,0.0001296968755386823,0.0001387741966188148,0.00014839180490089902,0.00015857032955968412,0.00016933040600636688,0.00018069257684422536,0.00019267718533522773,0.00020530426133116148,0.00021859339968441363,0.00023256363122123183,0.00024723328643399124,0.0002626198521284858,0.00027873982134726035,0.00029560853698010485,0.0003132400295675539,0.00033164684990196223,0.00035083989713275755,0.0003708282431869786,0.00039161895442227606,0.00041321691153614463,0.0004356246288611528,0.0004588420742801009,0.00048286649109607465,0.0005076922232888519,0.0005333105456796139,0.0005597095006088469,0.0005868737428061331,0.0006147843941935295,0.0006434189104148014,0.0006727509609191589,0.0007027503244486715,0.0007333828017814887,0.0007646101475667148,0.00079639002304966,0.0008286759714266747,0.0008614174174854789,0.0008945596930785436,0.0009280440898426651,0.0009618079404165982,0.0009957847292200932,0.0010299042336419113,0.0010640926962418831,0.001098273028303927,0.0011323650447849353,0.0011662857303910365,0.0011999495361812475,0.0012332687057529943,0.0012661536297092705,0.0012985132267488973,0.0013302553493656816,0.0013612872117959574,0.0013915158375240823,0.001420848523349004,0.0014491933167389416,0.0014764595029618571,0.0015025580982823033,0.0015274023453647491,0.00155090820692263,0.0015729948536024687,0.0015935851420931205,0.0016126060794995072,0.0016299892701145367,0.0016456713408575117,0.001659594341816596,0.0016717061185308924,0.0016819606528685528,0.0016903183695959414,0.0016967464059849384,0.0017012188420680854,0.0017037168894228905,0.0017042290366469566,0.0017027511499757239,0.0016992865277964107,0.0016938459081276636,0.0016864474284671866,0.0016771165377616095,0.0016658858606258553,0.0016527950143341173,0.0016378903795207006,0.0016212248259644133,0.0016028573952811432,0.0015828529428101592,0.0015612817414432337,0.001538219050602924,0.001513744654016832,0.001487942370347031,0.0014608995411058883,0.0014327065006092647,0.001403456032973845,0.0013732428213469,0.001342162894655579,0.001310313077172827,0.001277790446115082,0.0012446918023129986,0.0012111131587339446,0.0011771492512904205,0.0011428930759513547,0.001108435455695296,0.0010738646403196756,0.0010392659415633877,0.0010047214054262818,0.0009703095229937085,0.0009361049805110567,0.0009021784489147205,0.0008685964125227183,0.0008354210361286746,0.0008027100693331721,0.0007705167865905042,0.0007388899611484145,0.0007078738708134846,0.0006775083332838331,0.0006478287686509329,0.0006188662865799194,0.0005906477956284692,0.0005631961321535038,0.0005365302062779159,0.0005106651624414958,0.00048561255213682125,0.00046138051652781174,0.00043797397676210856,0.000415394829914868,0.0003936421486378011,0.00037271238273052195,0.0003525995609989426,0.00033329549191538625,0.00031478996174527294,0.000297070928953983,0.0002801247138532903,0.00026393618258830243,0.0002484889247020269,0.00023376542364458505,0.00021974721971694734,0.0002064150650542806,0.00019374907036112584,0.00018172884320936863,0.00017033361780015516,0.0001595423761725067,0.00014933396091445762,0.00013968717949726145,0.00013058090040983015,0.00012199414131941789,0.00011390614952602572,0.0001062964750125159,9.914503642044973e-05,9.243218030369356e-05,8.613873402836414e-05,8.024605269921296e-05,7.47360604995659e-05,6.959128683491964e-05,6.479489766970684e-05,6.0330722443010376e-05,5.618327694253958e-05,5.233778250735393e-05,4.878018191897609e-05,4.5497152327991666e-05,4.247611554926642e-05,3.9705246043777156e-05,3.717347688896967e-05,3.487050402272006e-05,3.2786789028552125e-05,3.091356071189542e-05,2.9242815698976787e-05,2.776731827152089e-05,2.6480599631876105e-05,2.5376956774541466e-05,2.4451451121401208e-05,2.3699907059309442e-05,2.3118910500034286e-05,2.270580756398363e-05,2.245870347059925e-05,2.237646169982274e-05
15,2.5390274927977037e-05,2.5484716564497766e-05,2.5768479274541357e-05,2.6242876570739907e-05,2.6910097999635396e-05,2.7773209638606398e-05,2.883615470898889e-05,3.0103754222900134e-05,3.158170755783838e-05,3.3276592829810915e-05,3.519586691258414e-05,3.7347864927706876e-05,3.9741799007303115e-05,4.2387756109344236e-05,4.529669464329701e-05,4.8480439642820653e-05,5.1951676201693134e-05,5.572394086954603e-05,5.9811610685460216e-05,6.422988951023082e-05,6.899479130237743e-05,7.412311996901169e-05,7.96324454107584e-05,8.554107537035735e-05,9.186802268768023e-05,9.863296756002093e-05,0.00010585621440601997,0.00011355864293484286,0.00012176165302962933,0.0001304871030661586,0.00013975724130452046,0.0001495946300137262,0.00016002206201699864,0.0001710624693792896,0.00018273882399869165,0.00019507402991010358,0.0002080908071629875,0.00022181156719547237,0.00023625827969448175,0.0002514523310060037,0.0002674143742409619,0.0002841641713102152,0.00030172042721668727,0.00032010061703311414,0.00033932080609984784,0.0003593954640879367,0.0003803372736875322,0.0004021569347996756,0.00042486296522966033,0.00044846149900135254,0.0004729560835328156,0.0004983474770329984,0.0005246334475956516,0.0005518085755784995,0.0005798640609613836,0.0006087875374748944,0.0006385628953791562,0.0006691701148490695,0.0007005851119855637,0.000732779599520335,0.000765720964312167,0.0007993721637442986,0.0008336916431224032,0.0008686332761396738,0.0009041463304173211,0.0009401754600437338,0.00097666072692193,0.0010135376525913125,0.001050737302014946,0.0010881864006168016,0.0011258074856143447,0.0011635190924207043,0.0012012359765884288,0.0012388693714352386,0.0012763272811338934,0.001313514808666918,0.0013503345176471332,0.0013866868265923948,0.001422470433824275,0.0014575827707432006,0.0014919204808249674,0.0015253799212943692,0.0015578576840697726,0.0015892511322465675,0.0016194589481057372,0.0016483816884033321,0.0016759223425231477,0.001701986888962105,0.0017264848455673277,0.0017493298089549534,0.0017704399786102351,0.0017897386612912446,0.00180715475152765,0.0018226231842135214,0.0018360853555305532,0.001847489508697361,0.0018567910813144972,0.0018639530113580462,0.0018689459991635122,0.0018717487230347095,0.0018723480064101465,0.0018707389348242413,0.0018669249212163626,0.0018609177184717373,0.0018527373784293668,0.0018424121569678524,0.0018299783651838572,0.001815480167112115,0.001798969324900794,0.0017805048928499646,0.0017601528622399256,0.0017379857594138242,0.0017140822001265577,0.0016885264037183848,0.0016614076712039775,0.0016328198318713437,0.0016028606634446814,0.001571631291265154,0.001539235572268664,0.0015057794697763338,0.0014713704252501947,0.0014361167331951989,0.0014001269253045184,0.0013635091697476321,0.0013263706911937102,0.0012888172167542717,0.0012509524525307555,0.0012128775948795504,0.0011746908798765264,0.001136487173794095,0.0010983576067155984,0.001060389250723293,0.001022664843424859,0.0009852625569447607,0.0009482558119138092,0.0009117131354530789,0.0008756980616739753,0.0008402690728090062,0.0008054795787492228,0.0007713779324936557,0.0007380074788106965,0.000705406633267175,0.0006736089886926847,0.0006426434461087624,0.0006125343671587149,0.0005833017451181758,0.000554961391642949,0.0005275251365138696,0.0005010010377631954,0.00047539359970885783,0.0004507039965776836,0.00042693029956281483,0.0004040677053308891,0.0003821087641683032,0.00036104360613070196,0.00034086016373361403,0.0003215443898931048,0.0003030804699918743,0.00028545102710706853,0.0002686373195900731,0.0002526194303347813,0.0002373764472085256,0.00022288663424845003,0.0002091275933451575,0.00019607641624473112,0.00018370982679957027,0.00017200431348792297,0.00016093625230165318,0.00015048202017190496,0.0001406180991632398,0.0001313211717189385,0.00012256820728395168,0.00011433654066796909,0.00010660394253981351,9.934868246643044e-05,9.25495849257156e-05,8.618607873289068e-05,8.023824032566608e-05,7.468683135457377e-05,6.951333102214055e-05,6.469996360849264e-05,6.022972161200546e-05,5.608638492215718e-05,5.2254536428203816e-05,4.871957445201583e-05,4.5467722376715666e-05,4.248603582491019e-05,3.976240772156334e-05,3.728557155711368e-05,3.504510314648845e-05,3.3031421159350676e-05,3.123578667636565e-05,2.9650302005588695e-05,2.826790897233915e-05,2.708238687519763e-05,2.6088350280090088e-05,2.528124680383395e-05,2.4657355018036532e-05,2.4213782583860924e-05,2.3948464707907495e-05,2.3860162989291045e-05
16,2.7131728625092036e-05,2.7233369347361064e-05,2.7538769726526603e-05,2.804936457412551e-05,2.8767545811313265e-05,2.9696663276455733e-05,3.0841025765178766e-05,3.220590221234713e-05,3.379752289966201e-05,3.562308054686553e-05,3.769073111896071e-05,4.000959415644784e-05,4.2589752410411436e-05,4.544225053944797e-05,4.857909260100865e-05,5.2013238045866586e-05,5.575859590125196e-05,5.983001680590432e-05,6.424328253906543e-05,6.901509266550658e-05,7.416304790030203e-05,7.970562978051093e-05,8.566217621652223e-05,9.205285248389002e-05,9.889861720740884e-05,0.00010622118288333623,0.0001140429704834788,0.00012238705768674859,0.0001312771202902116,0.00014073736636304466,0.0001507924627236415,0.00016146745334281543,0.00017278766930506014,0.00018477862999556865,0.00019746593522353427,0.00021087514804250527,0.0002250316680864934,0.00023996059530635532,0.00025568658406478507,0.0002722336876301084,0.00028962519319887525,0.00030788344767482305,0.0003270296745368166,0.00034708378224043615,0.0003680641647164103,0.0003899874946533833,0.0004128685103817274,0.00043671979730829964,0.0004615515649880808,0.00048737142105631244,0.0005141841433826894,0.0005419914519459073,0.0005707917820608171,0.0006005800607198953,0.0006313474879339377,0.0006630813250718956,0.00069576469230467,0.0007293763773503835,0.0007638906577970546,0.0007992771393405063,0.0008355006123185174,0.0008725209289443663,0.0009102929036416997,0.0009487662388557358,0.0009878854786608575,0.00102758999239937,0.0010678139904684455,0.0011084865742200382,0.0011495318217501196,0.0011908689111276448,0.001232412282349369,0.0012740718390039033,0.0013157531902878326,0.0013573579336400273,0.0013987839778501782,0.0014399259060580284,0.0014806753775960745,0.001520921567147213,0.0015605516391978265,0.0015994512552752337,0.0016375051109763566,0.0016745974993328046,0.0017106128966275517,0.0017454365663912177,0.0017789551769722312,0.0018110574278041817,0.0018416346792928847,0.001870581581120128,0.0018977966937126461,0.001923183097652408,0.0019466489859031916,0.0019681082338911518,0.001987480942693674,0.00200469395084978,0.0020196813105946786,0.002032384724629306,0.002042753939853135,0.0020507470948076707,0.0020563310178946773,0.00205948147374588,0.002060183355431761,0.002058430820510313,0.002054227369238835,0.0020475858636105175,0.002038528486240509,0.0020270866385208057,0.0020133007778956285,0.001997220194583118,0.0019789027285869077,0.0019584144284012146,0.0019358291534113858,0.0019112281226208714,0.0018846994129847771,0.0018563374112858715,0.0018262422241349353,0.0017945190512952637,0.0017612775281012284,0.0017266310432428324,0.0016906960386024635,0.0016535912981385762,0.0016154372329986266,0.0015763551700988723,0.0015364666513250297,0.0014958927502839508,0.0014547534131766364,0.0014131668298768736,0.001371248840702225,0.0013291123836740382,0.0012868669863025737,0.001244618305126332,0.001202467715405661,0.001160511952543665,0.0011188428060043307,0.0010775468657379316,0.0010367053204230901,0.0009963938062054574,0.0009566823040630865,0.0009176350834626784,0.0008793106895901121,0.0008417619711411948,0.0008050361454402253,0.000769174897508855,0.0007342145096287714,0.0007001860179212141,0.0006671153924963124,0.0006350237377979769,0.0006039275098782014,0.0005738387474713701,0.000544765313898429,0.0005167111470071698,0.0004896765145436901,0.0004636582725472889,0.00043865012456314014,0.0004146428796711116,0.00039162470753250896,0.00036958138885718095,0.00034849655988948087,0.0003283519497014615,0.0003091276092640779,0.00029080213144095724,0.00027335286121357586,0.00025675609560070955,0.00024098727287827137,0.00022602115083772593,0.00021183197394195603,0.00019839362934668904,0.00018567979185344375,0.00017366405794662953,0.0001623200691432461,0.00015162162494900255,0.00014154278577011093,0.00013205796617607454,0.00012314201894610754,0.00011477031036105021,0.0001069187872244516,9.956403611156724e-05,9.268333535403841e-05,8.625470027163914e-05,8.025692216133774e-05,7.466960154861977e-05,6.947317619712887e-05,6.464894436072297e-05,6.017908374749937e-05,5.6046666648649185e-05,5.223567166655252e-05,4.873099245666777e-05,4.551844387680985e-05,4.258476591561589e-05,3.991762574959373e-05,3.750561825532799e-05,3.533826528034357e-05,3.3406013952924745e-05,3.1700234287966236e-05,3.02132163227676e-05,2.8938166993635574e-05,2.7869206941267775e-05,2.7001367410181175e-05,2.6330587384927915e-05,2.5853711083507833e-05,2.556848590622809e-05,2.547356091625548e-05
17,2.9020273590361835e-05,2.9129765317462403e-05,2.9458763287451875e-05,3.000883611530766e-05,3.078259897484786e-05,3.178371477234491e-05,3.3016895690245385e-05,3.448790500166329e-05,3.6203559027954786e-05,3.817172908336079e-05,4.040134322245246e-05,4.2902387577979615e-05,4.5685907048766975e-05,4.876400506961165e-05,5.214984216781013e-05,5.5857632984115214e-05,5.99026414097464e-05,6.43011734657357e-05,6.907056752659827e-05,7.422918146731894e-05,7.979637629122215e-05,8.579249577675333e-05,9.223884166389401e-05,9.915764388623949e-05,0.00010657202534309807,0.00011450596069777032,0.00012298422868390336,0.0001320323574019841,0.00014167656209314826,0.0001519436748880662,0.00016286106604524537,0.00017445655621619628,0.0001867583193050456,0.00019979477552784273,0.0002135944743224329,0.00022818596681376696,0.00024359766760221927,0.0002598577057141436,0.00027699376463468896,0.00029503291143288,0.0003140014150880922,0.00033392455423514783,0.00035482641466200464,0.00037672967701895887,0.0003996553953308316,0.00042362276704300487,0.0004486488954775048,0.0004747485457255677,0.0005019338951570264,0.0005302142798831223,0.0005595959386664652,0.0005900817559282357,0.0006216710056566184,0.0006543590981700035,0.0006881373318317636,0.0007229926519483046,0.0007589074192064663,0.0007958591901179253,0.0008338205120346795,0.0008727587353785184,0.0009126358457860335,0.000953408318906587,0.000995027000600984,0.0010374370152705713,0.0010805777049972933,0.0011243826020919667,0.0011687794375279266,0.0012136901875775075,0.0012590311607672106,0.0013047131270217563,0.0013506414905761208,0.0013967165078973627,0.0014428335514747898,0.0014888834199092197,0.0015347526942624452,0.0015803241401208343,0.001625477154288112,0.0016700882544593962,0.001714031609650834,0.0017571796085775666,0.0017994034625997567,0.0018405738393055234,0.0018805615222852678,0.0019192380921884363,0.0019564766237552787,0.001992152393194999,0.0020261435900480254,0.002058332027530729,0.002088603845318513,0.0021168501987759176,0.0021429679287836797,0.00216686020653172,0.0021884371479292952,0.0022076163926126545,0.002224323642889055,0.0022384931583278103,0.0022500682020804076,0.0022590014353726664,0.0022652552569570853,0.002268802084642201,0.0022696245763319297,0.002267715788319043,0.0022630792688936676,0.0022557290856618888,0.0022456897853334887,0.0022329962851430464,0.0022176936955244516,0.002199837074172307,0.002179491112197972,0.00215672975372287,0.002131635750942516,0.00210430015743286,0.0020748217632430626,0.0020433064761087505,0.0020098666539069376,0.0019746203942346617,0.0019376907877029087,0.0018992051421693606,0.0018592941856624195,0.001818091256151037,0.001775731486570048,0.0017323509936034182,0.0016880860786488592,0.00164307244913404,0.0015974444679319425,0.0015513344380427116,0.0015048719289901336,0.00145818315054667,0.0014113903784799323,0.0013646114360361357,0.0013179592338737568,0.0012715413701635395,0.0012254597916070342,0.0011798105152190383,0.0011346834098892476,0.0010901620359996653,0.001046323540736341,0.001003238606201436,0.0009609714470047371,0.0009195798536891583,0.0008791152781162611,0.0008396229567969894,0.0008011420680900985,0.0007637059191958526,0.0007273421589352072,0.0006920730124150001,0.0006579155338284363,0.0006248818738190936,0.0005929795580385021,0.0005622117737457319,0.0005325776615270059,0.0005040726094496177,0.00047668854720360834,0.00045041423802360083,0.000425235566419311,0.00040113581997435073,0.00037809596369722044,0.0003560949056243094,0.0003351097525810173,0.00031511605520273187,0.0002960880415014791,0.00027799883843593874,0.0002608206811017063,0.0002445251093048423,0.00022908315141474713,0.00021446549551221736,0.00020064264795534217,0.00018758507957996072,0.00017526335983314531,0.0001636482792081086,0.00015271096040766878,0.00014242295871162423,0.00013275635206181914,0.00012368382140809627,0.00011517872187952156,0.00010721514535901779,9.976797504664689e-05,9.281293259799108e-05,8.632661842013437e-05,8.028654569932425e-05,7.46711687221481e-05,6.945990603658084e-05,6.463315898109663e-05,6.0172326089676724e-05,5.605981385842789e-05,5.2279044336034497e-05,4.8814459975744245e-05,4.565152616131824e-05,4.2776731793610056e-05,4.017758829838016e-05,3.784262738976993e-05,3.576139789768905e-05,3.392446194131505e-05,3.23233907050419e-05,3.095076004759967e-05,2.9800146149731243e-05,2.8866121380770714e-05,2.8144250539719054e-05,2.7631087601942322e-05,2.7324173078401127e-05,2.7222032070321955e-05
18,3.106231408958587e-05,3.118034456644305e-05,3.1535007841798935e-05,3.212801978619794e-05,3.296224128896717e-05,3.4041679861409365e-05,3.5371491772377314e-05,3.695798460728606e-05,3.880862011043924e-05,4.0932017139347884e-05,4.3337954528530146e-05,4.603737362913579e-05,4.904238025969865e-05,5.2366245772464785e-05,5.602340690917734e-05,6.002946409005386e-05,6.44011777501319e-05,6.915646230837744e-05,7.431437732717956e-05,7.989511539336119e-05,8.591998622692356e-05,9.241139650075952e-05,9.939282483390024e-05,0.00010688879140292889,0.00011492482160146874,0.0001235274031666303,0.00013272393618452333,0.00014254267538496565,0.0001530126641389461,0.00016416365958182787,0.0001760260483013279,0.0001886307520525951,0.00020200912299383166,0.00021619282797544236,0.00023121372146418592,0.000247103706741729,0.0002638945850847784,0.000281617892711917,0.0003003047253706226,0.0003199855505368154,0.0003406900073086335,0.0003624466941958282,0.0003852829451358664,0.0004092245942070703,0.0004342957296572576,0.0004605184380225668,0.0004879125392744771,0.0005164953141023213,0.0005462812246125266,0.000577281629902945,0.0006095044981493412,0.0006429541170196371,0.0006776308044079791,0.0007135306216531016,0.0007506450915716618,0.0007889609237949843,0.0008284597500446098,0.0008691178721157127,0.0009109060254552405,0.000953789161320791,0.0009977262505839158,0.0010426701122946869,0.0010885672701498083,0.0011353578400009712,0.001182975451500042,0.001231347206899499,0.0012803936799066547,0.0013300289573251033,0.0013801607260031591,0.0014306904073438495,0.0014815133413119256,0.0015325190214988491,0.0015835913823763377,0.0016346091393838018,0.0016854461819573849,0.0017359720190228056,0.0017860522758471533,0.0018355492404849131,0.0018843224573715834,0.00193222936492739,0.001979125973348977,0.0020248675781055054,0.00206930950403569,0.0021123078743827727,0.00215372039862396,0.0021934071725663463,0.0022312314839068605,0.002267060616299014,0.00230076664493817,0.002332227216767212,0.002361326308606649,0.0023879549568116007,0.0024120119524321526,0.0024334044962790176,0.002452048808748653,0.0024678706897173636,0.002480806024253397,0.002490801230305808,0.002497813644902324,0.002501811845725978,0.0025027759052489626,0.0025006975748945535,0.002495580396990434,0.002487439742587777,0.0024763027735685704,0.002462208327866098,0.0024452067270944234,0.0024253595064325706,0.0024027390672434626,0.002377428253627074,0.002349519854906697,0.002319116036916224,0.002286327705879071,0.00225127380962469,0.002214080581851065,0.0021748807360815674,0.0021338126168499874,0.0020910193164448373,0.002046647766219974,0.002000847812002176,0.001953771283470785,0.00190557106752899,0.0018564001956178995,0.0018064109546388615,0.0017557540306518751,0.0017045776938230633,0.001653027032225338,0.001601243241084155,0.001549362972940605,0.001497517753016136,0.0014458334628469375,0.0013944298940499406,0.0013434203729217275,0.00129291145548648,0.0012430026916236234,0.0011937864560374605,0.0011453478430906935,0.0010977646219158185,0.0010511072477419167,0.0010054389250237015,0.0009608157177256953,0.0009172867019854453,0.0008748941563427887,0.0008336737847637807,0.0007936549677947076,0.0007548610373410676,0.0007173095707670632,0.0006810127002429152,0.0006459774335214858,0.0006122059825949243,0.0005796960969602776,0.0005484413985052642,0.000518431715307701,0.000489653411921151,0.0004620897139926611,0.0004357210253238451,0.0004105252357423626,0.00038647801839561554,0.0003635531153111007,0.00034172261028736213,0.0003209571883851405,0.0003012263814795247,0.0002824987995102887,0.00026474234722887607,0.00024792442638663006,0.0002320121234399162,0.00021697238296400915,0.00020277216706938086,0.0001893786012018612,0.00017675910678266395,0.0001648815212062103,0.00015371420576384203,0.0001432261421007547,0.00013338701784269437,0.00012416730204906968,0.00011553831116104503,0.00010747226611780537,9.994234131239355e-05,9.292270605114897e-05,8.63885591686125e-05,8.031615743353532e-05,7.468283836201763e-05,6.946703803141378e-05,6.464830446402964e-05,6.020730712328683e-05,5.6125843037374104e-05,5.2386840036809396e-05,4.897435756312246e-05,4.5873585476296025e-05,4.3070841258897016e-05,4.055356598516179e-05,3.831031939381149e-05,3.633077437416652e-05,3.460571114627876e-05,3.312701138735159e-05,3.188765252869434e-05,3.088170241986418e-05,3.0104314529468715e-05,2.9551723825310293e-05,2.922124345010596e-05,2.9111262282866642e-05
19,3.326460041534883e-05,3.339189553494017e-05,3.3774406615535776e-05,3.441401126073786e-05,3.531384025331187e-05,3.647827966071177e-05,3.791297366352917e-05,3.962482798746704e-05,4.162201378517854e-05,4.391397177996773e-05,4.65114164489353e-05,4.942633998869581e-05,5.26720157723467e-05,5.626300097200809e-05,6.021513798707971e-05,6.454555428451302e-05,6.927266022404161e-05,7.441614440865799e-05,7.999696606891803e-05,8.603734395918358e-05,9.256074121501631e-05,9.959184559398997e-05,0.00010715654449762551,0.0001152818941504463,0.00012399608229382702,0.00013332838373793183,0.00014330910810521938,0.0001539695390943808,0.00016534186459484743,0.00017745909698986393,0.00019035498300128112,0.00020406390245240565,0.000218620755357149,0.00023406083678503858,0.0002504196990030237,0.00026773300045700957,0.0002860363412291929,0.00030536508469195607,0.000325754165175602,0.0003472378815757409,0.0003698496769466876,0.0003936219042596519,0.00041858557864848597,0.0004447701166207889,0.0004722030628775783,0.0005009098055596476,0.0005309132809220685,0.0005622336686288282,0.0005948880790558967,0.0006288902341914926,0.0006642501439252313,0.0007009737797212866,0.0007390627478726441,0.0007785139647318137,0.0008193193365057004,0.0008614654463862894,0.0009049332519618486,0.0009496977960127851,0.0009957279339392875,0.0010429860811914347,0.0010914279841733126,0.001141002518167468,0.0011916515158710151,0.0012433096301459597,0.0012959042345596682,0.0013493553652223734,0.0014035757073126783,0.0014584706295145205,0.0015139382693655158,0.0015698696722328367,0.0016261489862852744,0.0016826537154162535,0.0017392550315909051,0.001795818147541128,0.0018522027501179546,0.0019082634939348586,0.0019638505542057113,0.002018810236906478,0.00207298564358283,0.0021262173873021193,0.0021783443554259287,0.0022292045140799065,0.00227863574844422,0.0023264767323056654,0.002372567819726331,0.0024167519512172655,0.002458875566478915,0.00249878951559722,0.0025363499605717166,0.002571419259196634,0.002603866823604974,0.002633569946196469,0.002660414586173017,0.002684296110464803,0.002705119983410527,0.0027228024001223904,0.0027372708589931093,0.0027484646692694636,0.002756335390016542,0.0027608471971310323,0.002761977175343002,0.0027597155323934135,0.0027540657328144827,0.002745044548999699,0.0027326820275574665,0.0027170213693220157,0.002698118721868125,0.0026760428839572013,0.0026508749220398916,0.00262270769975592,0.002591645322299514,0.002557802498545784,0.002521303824939829,0.0024822829963099856,0.0024408819499472934,0.002397249950457664,0.0023515426240005967,0.002303920951535552,0.002254550231561382,0.0022035990235150286,0.002151238083457657,0.0020976393038915266,0.0020429746695011966,0.0019874152402913777,0.001931130173006623,0.0018742857908830854,0.001817044710729221,0.0017595650350995704,0.001701999615959746,0.0016444953947916746,0.001587192822607277,0.0015302253618752414,0.0014737190709639958,0.0014177922704022153,0.0013625552890859248,0.001308110287539504,0.0012545511544788013,0.001201963472232226,0.0011504245460470242,0.0011000034919341187,0.0010507613774727981,0.0010027514098901393,0.000956019165731993,0.0009106028565347805,0.0008665336250731524,0.0008238358669818478,0.0007825275728166581,0.0007426206859170043,0.0007041214717509641,0.000667030894754158,0.0006313449990099542,0.0005970552894546438,0.0005641491106234088,0.0005326100202778748,0.0005024181555713593,0.0004735505897116761,0.0004459816773720862,0.00041968338737748953,0.00039462562145429347,0.00037077651807783493,0.00034810274068014827,0.0003265697496928456,0.0003061420580946131,0.00028678347031018086,0.0002684573044676435,0.0002511265981638537,0.0002347542980136366,0.00021930343336827048,0.00020473727468266713,0.00019101947708973196,0.00017811420980532738,0.0001659862720390586,0.00015460119612573553,0.00014392533862088729,0.00013392596012216346,0.00012457129458791322,0.00011583060892571624,0.00010767425361815394,0.00010007370514160325,9.300160091720881e-05,8.64317675122669e-05,8.033924278580188e-05,7.470029264481894e-05,6.949242304819095e-05,6.469438786392717e-05,6.0286193153148856e-05,5.624909842086954e-05,5.2565615339989475e-05,4.921950442104902e-05,4.619577006647934e-05,4.3480654414521464e-05,4.1061630344799807e-05,3.8927393984832547e-05,3.706785702460809e-05,3.547413911479077e-05,3.413856059315101e-05,3.305463575343629e-05,3.2217066841078225e-05,3.162173893082316e-05,3.126571581252131e-05,3.114723698284166e-05
20,3.563421783717308e-05,3.5771543966701605e-05,3.6184207143158845e-05,3.6874262286974135e-05,3.784513610294647e-05,3.910162977113951e-05,4.064992258358843e-05,4.2497576396080404e-05,4.4653540726658694e-05,4.712815829472508e-05,4.993317075667453e-05,5.308172435590574e-05,5.6588375166853077e-05,6.046909357445011e-05,6.47412675922602e-05,6.942370458453534e-05,7.453663091986249e-05,8.010168904704812e-05,8.614193144773864e-05,9.268181088529214e-05,9.974716633597049e-05,0.00010736520395702983,0.00011556447241722816,0.0001243748318891729,0.0001338274159803871,0.00014395458586162084,0.0001547898758374709,0.00016636792959653172,0.00017872442637686915,0.00019189599628838738,0.00020592012404748854,0.00022083504040213133,0.00023667960055781613,0.0002534931489579608,0.0002713153698263415,0.0002901861229454595,0.0003101452642234596,0.0003312324506940772,0.00035348692969940895,0.0003769473121242947,0.00040165132968385454,0.0004276355764120864,0.0004549352346591078,0.00048358378607707577,0.0005136127082593134,0.0005450511578927722,0.0005779256414894985,0.0006122596749769156,0.0006480734336479186,0.000685383394198305,0.0007242019708090244,0.0007645371474620964,0.0008063921089096397,0.0008497648729429545,0.0008946479268305711,0.0009410278710080512,0.0009888850733053797,0.0010381933371871605,0.0010889195876534594,0.0011410235786017437,0.001194457625579405,0.0012491663679579487,0.00130508656462986,0.0013621469273627877,0.0014202679959379725,0.0014793620591453537,0.0015393331256007602,0.001600076948185061,0.0016614811056751995,0.00172342514483696,0.0017857807858740649,0.0018484121936737058,0.0019111763167521363,0.001973923295184665,0.0020364969381035446,0.002098735270568796,0.002160471148767785,0.00222153294158953,0.002281745275663127,0.0023409298399641033,0.0023989062450999743,0.002455492931412999,0.0025105081191141767,0.002563770792820936,0.0026151017121460005,0.002664324439409892,0.0027112663751533797,0.002755759791930409,0.002797642856877062,0.0028367606337748805,0.002872966055739529,0.0029061208602363083,0.002936096478808611,0.002962774874653014,0.0029860493219322527,0.0030058251214358524,0.0030220202478381817,0.0030345659243389703,0.0030434071208918227,0.0030485029725374536,0.0030498271145805913,0.0030473679315137533,0.0030411287167361393,0.0030311277402828643,0.003017398222009234,0.0029999882080026944,0.002978960348450604,0.002954391575795985,0.0029263726827773082,0.0028950078008743176,0.002860413780762539,0.002822719477598077,0.0027820649452866626,0.002738600545303538,0.0026924859770833687,0.0026438892384449755,0.0025929855259026868,0.002539956085989636,0.0024849870298232647,0.0024282681240269375,0.0023699915717373538,0.00231035079773796,0.0022495392517389613,0.0021877492434645754,0.0021251708225138314,0.00206199071495467,0.001998391327329544,0.0019345498272440834,0.0018706373080379951,0.0018068180432637962,0.0017432488348901164,0.0016800784573651022,0.0016174471979785038,0.0015554864923958862,0.0014943186528417534,0.0014340566852052235,0.001374804190345883,0.0013166553440914707,0.0012596949498370623,0.0012039985572640925,0.0011496326404783176,0.0010966548287969003,0.0010451141834729267,0.0009950515138076321,0.000946499726344368,0.0008994842011438874,0.0008540231894903685,0.0008101282277568656,0.000767804562555508,0.0007270515827020579,0.0006878632539289444,0.0006502285526800327,0.0006141318957099738,0.000579553562588113,0.0005464701085694155,0.0005148547656412439,0.00048467782988395,0.000455907033594339,0.00042850790091349724,0.000402444085973766,0.00037767769283342684,0.00035416957670170396,0.00033187962617083105,0.00031076702636619594,0.0002907905031001019,0.0002719085482697675,0.0002540796268762865,0.0002372623661589997,0.00022141572743983074,0.00020649916135552076,0.00019247274722333487,0.0001792973173388132,0.0001669345670436456,0.00015534715142896194,0.0001444987695554589,0.00013435423707803873,0.00012487954816019716,0.00011604192755340669,0.00010780987370027963,0.00010015319369837982,9.304303093511803e-05,8.64518861740729e-05,8.035363284009812e-05,7.472352721539468e-05,6.953821422194574e-05,6.477572942785715e-05,6.0415497876659235e-05,5.643833029988111e-05,5.282641723451284e-05,4.956332152856854e-05,4.663396968004415e-05,4.402464241726958e-05,4.172296489208194e-05,3.9717896821454006e-05,3.799972287822564e-05,3.6560043597401814e-05,3.5391767031072074e-05,3.4489101352324165e-05,3.384754857650344e-05,3.346389953673007e-05,3.333623021963674e-05
21,3.8178573927476995e-05,3.832674023208181e-05,3.8771988584850244e-05,3.9516567997165624e-05,4.0564229116045926e-05,4.192022759492124e-05,4.359132867001336e-05,4.558581279932167e-05,4.7913482179971135e-05,5.058566791817117e-05,5.3615237584244034e-05,5.7016602843113995e-05,6.080572680832909e-05,6.500013072517811e-05,6.961889954586128e-05,7.468268591710853e-05,8.021371205829714e-05,8.623576896622562e-05,9.277421234153894e-05,9.985595459170691e-05,0.00010750945222683256,0.00011576468792787452,0.00012465314653262727,0.00013420778415361998,0.0001444629896146161,0.00015545453736935696,0.00016721953104837333,0.00017979633676793745,0.00019322450533043356,0.00020754468244852444,0.00022279850613744024,0.00023902849044149575,0.0002562778946935122,0.0002745905775501335,0.0002940108351029775,0.0003145832224359836,0.00033635235808393603,0.0003593627109465781,0.00038365836932745246,0.0004092827918969034,0.00043627854052467066,0.0004646869950890989,0.0004945480505468452,0.0005258997967385612,0.000558778181611542,0.000593216658758772,0.0006292458204038933,0.0006668930172019023,0.0007061819664741909,0.000747132350752004,0.0007897594087624784,0.0008340735212539621,0.0008800797943199794,0.0009277776431415631,0.0009771603793231323,0.0010282148052449904,0.0010809208190929646,0.0011352510344497249,0.0011911704185396253,0.0012486359534060216,0.0013075963244630034,0.0013679916409981,0.0014297531933038785,0.0014928032511791318,0.0015570549085584615,0.0016224119789959436,0.0016887689466370034,0.0017560109771550627,0.0018240139928982942,0.0018926448161792856,0.0019617613842397084,0.0020312130389271463,0.0021008408935276864,0.002170478278503237,0.0022399512670866813,0.002309079280793962,0.0023776757739260397,0.0024455489950656797,0.0025125028224388135,0.002578337668827587,0.0026428514505180854,0.002705840613572111,0.002767101209567897,0.0028264300119032505,0.002883625662843735,0.0029384898407757423,0.002990828436632516,0.0030404527282335207,0.003087180541331444,0.003130837386494554,0.0031712575615406185,0.0032082852100363862,0.0032417753273196624,0.0032715947065143475,0.003297622818014193,0.003319752616836957,0.003337891273039831,0.0033519608210032387,0.003361898723820915,0.0033676583492910925,0.0033692093541192757,0.003366537972965832,0.0033596472089596555,0.0033485569223135445,0.0033333038137761594,0.0033139412998904683,0.0032905392774397763,0.003263183775077626,0.003231976490971893,0.003197034216348195,0.0031584881460830997,0.0031164830789520803,0.0030711765117486813,0.003022737633218269,0.002971346225541358,0.0029171914828992184,0.002860470758393208,0.002801388252199733,0.002740153655254237,0.0026769807639021553,0.0026120860817709785,0.002545687425555838,0.0024780025514369443,0.002409247818445781,0.0023396369042739213,0.0022693795878008863,0.002198680611052913,0.0021277386314567043,0.0020567452731977704,0.0019858842843151966,0.0019153308039484345,0.001845250741977755,0.001775800271240426,0.0017071254306191474,0.0016393618356331356,0.001572634491745216,0.0015070577044450904,0.001442735079280655,0.0013797596043751883,0.0013182138075689236,0.00125816998013305,0.001199690458993057,0.001142827959535719,0.0010876259513297056,0.0010341190694356359,0.0009823335543922792,0.0009322877144200224,0.0008839924038628857,0.0008374515123821366,0.0007926624599070325,0.0007496166928334255,0.0007083001774331578,0.0006686938868925193,0.0006307742788340196,0.0005945137605908009,0.000559881139896308,0.0005268420590228084,0.0004953594107507864,0.000465393734876932,0.00043690359427135184,0.00040984592977467423,0.0003841763934829279,0.0003598496602024984,0.0003368197170692875,0.0003150401315156971,0.00029446429793666295,0.0002750456635522571,0.000256737934090091,0.00023949526001678897,0.00022327240413518343,0.00020802489143376896,0.00019370914212858665,0.0001802825888764242,0.00016770377916336732,0.0001559324638857175,0.00014492967314246987,0.00013465778025127214,0.000125080554984354,0.00011616320699855207,0.00010787242040540966,0.00010017638039445485,9.304479278612398e-05,8.644889735125774e-05,8.036147569242454e-05,7.475685443918478e-05,6.961090446537633e-05,6.490103679206148e-05,6.060619579533284e-05,5.670685029405408e-05,5.3184983049073e-05,5.0024079162679525e-05,4.720911382523256e-05,4.4726539815035315e-05,4.2564275117747534e-05,4.071169099289396e-05,3.9159600777342055e-05,3.7900249678927774e-05,3.692730577763781e-05,3.62358524168185e-05,3.582238213267224e-05,3.568479223670466e-05
22,4.0905384115800096e-05,4.1065244872222286e-05,4.154564724156751e-05,4.234905237788961e-05,4.347956502845239e-05,4.494293769167624e-05,4.67465762824593e-05,4.889954714866881e-05,5.141258523741743e-05,5.4298103164182235e-05,5.757020089184818e-05,6.124467568034589e-05,6.533903192071789e-05,6.987249042023658e-05,7.486599665769642e-05,8.034222748034866e-05,8.632559566631762e-05,9.284225172897606e-05,9.992008229295905e-05,0.00010758870432562692,0.00011587945446328094,0.00012482537262879797,0.00013446117909716342,0.0001448232441283096,0.000155949549253444,0.0001678796392725025,0.00018065456399736938,0.00019431680875903862,0.00020891021268796558,0.00022447987377654887,0.00024107203974210124,0.0002587339837289418,0.0002775138639205029,0.00029746056617769694,0.0003186235288792956,0.00034105254921470974,0.00036479757027020946,0.00038990844835702133,0.0004164347001544746,0.00044442522938380484,0.00047392803288856,0.0005049898861756886,0.0005376560086670332,0.0005719697091234994,0.0006079720119327816,0.0006457012651950976,0.0006851927317985412,0.0007264781649448163,0.0007695853698654574,0.0008145377537561532,0.0008613538662503171,0.0009100469330502529,0.0009606243856327276,0.0010130873902429026,0.0010674303796837556,0.0011236405916945369,0.0011816976179885243,0.0012415729682842646,0.0013032296539122004,0.0013666217958063836,0.0014316942618947041,0.0014983823390759088,0.0015666114451122998,0.0016362968858670466,0.0017073436633674975,0.0017796463401726515,0.001853088965455285,0.0019275450680676346,0.0020028777216341545,0.002078939686395968,0.002155573632109808,0.002232612445771332,0.0023098796272818804,0.00238718977540447,0.002464349165456869,0.0025411564191680468,0.002617403265983512,0.0026928753938540565,0.0027673533861954014,0.0028406137402841834,0.0029124299608878595,0.0029825737214511623,0.0030508160837289682,0.0031169287654235307,0.003180685444219484,0.003241863085681469,0.003300243281851317,0.003355613587105965,0.003407768837943469,0.0034565124438533327,0.0035016576372659293,0.003543028671698152,0.003580461958524914,0.003613807134197498,0.0036429280510846007,0.003667703686324707,0.003688028964066365,0.0037038154871852007,0.003714992174988746,0.0037215058035737626,0.0037233214454379516,0.0037204228047432644,0.0037128124443687373,0.0037005119006665774,0.0036835616817300558,0.0036620211450669464,0.0036359682509023625,0.003605499187946148,0.0035707278693698865,0.003531785297947355,0.0034888188008043246,0.003441991135969792,0.0033914794748792347,0.0033374742670986813,0.0032801779957527468,0.0032198038343776874,0.00315657421810068,0.0030907193440820155,0.003022475617957843,0.0029520840644999486,0.0028797887217855674,0.002805835038778211,0.00273046829631302,0.00265393207103492,0.002576466760859938,0.0024983081890527408,0.002419686302096733,0.0023408239742591435,0.0022619359292213458,0.002183227786462132,0.0021048952373583793,0.0020271233533073504,0.0019500860256695136,0.0018739455350555404,0.0017988522454916213,0.0017249444173287087,0.0016523481314291476,0.0015811773161660335,0.0015115338680895354,0.0014435078567220923,0.001377177803805142,0.001312611027394178,0.001249864041445815,0.0011889830019210744,0.0011300041909074639,0.0010729545308072821,0.0010178521212246897,0.0009647067917881992,0.000913520664752073,0.0008642887218176115,0.0008169993701950896,0.0007716350034836559,0.0007281725534765824,0.0006865840295011976,0.0006468370423759959,0.0006088953105118805,0.0005727191461005795,0.0005382659197215306,0.0005054905020593933,0.0004743456817583244,0.0004447825587465655,0.0004167509126460963,0.00039019954613742617,0.00036507660337938084,0.0003413298637884547,0.0003189070116624995,0.00029775588228992815,0.00027782468531910054,0.0002590622062741567,0.00024141798719445927,0.0002248424874463178,0.00020928722580921432,0.00019470490497583952,0.00018104951962743529,0.0001682764492547893,0.00015634253689231014,0.00014520615491944296,0.00013482725906173576,0.00012516743169452066,0.00011618991551672277,0.00010785963862194417,0.00010014323194976784,9.300904005315119e-05,8.642712606868093e-05,8.036927172607959e-05,7.48089731823176e-05,6.972143341452533e-05,6.50835518550479e-05,6.0873911901792736e-05,5.707276688775131e-05,5.3662025045432934e-05,5.062523395506228e-05,4.794756491984703e-05,4.561579766744743e-05,4.361830573396869e-05,4.194504284530663e-05,4.0587530570433104e-05,3.9538847482113986e-05,3.8793620022491126e-05,3.8348015233795975e-05,3.819973547805089e-05
23,4.382265532152517e-05,4.3995112212921194e-05,4.451338011338223e-05,4.5380151739271555e-05,4.659991838546209e-05,4.817897499192597e-05,5.012542706710314e-05,5.2449199297658894e-05,5.516204562481754e-05,5.8277560517522667e-05,6.181119112215586e-05,6.578024991740246e-05,7.020392745107985e-05,7.51033046833699e-05,8.050136440800065e-05,8.642300116962925e-05,9.289502904217216e-05,9.994618657935637e-05,0.00010760713819564318,0.00011591047118329192,0.0001248906875201568,0.00013458418957340017,0.0001450292587572999,0.0001562660261594685,0.0001683364341099073,0.0001812841876323128,0.00019515469468794655,0.00020999499410025851,0.0002258536700344924,0.00024278075190192845,0.0002608275985645133,0.00028004676573369525,0.0003004918554886453,0.00032221734688498723,0.000345278406686928,0.0003697306793344382,0.00039563005535390994,0.00042303241753642405,0.0004519933643430739,0.0004825679101522241,0.0005148101621393463,0.0005487729737761562,0.0005845075751518431,0.0006220631805546219,0.0006614865740057329,0.0007028216737091573,0.0007461090766672211,0.0007913855850131943,0.0008386837159249886,0.0008880311973069644,0.0009394504517573567,0.0009929580716744745,0.00104856428869308,0.0011062724409805621,0.0011660784422579766,0.0012279702567409123,0.0012919273845165015,0.0013579203621825763,0.001425910283869531,0.0014958483480410267,0.0015676754357218307,0.0016413217260246656,0.0017167063550368534,0.0017937371242746501,0.0018723102650100747,0.0019523102648122685,0.0020336097626121406,0.002116069518483684,0.0021995384641255384,0.0022838538397097503,0.0023688414223291716,0.0024543158507095647,0.002540081050147716,0.0026259307607851444,0.0027116491713232663,0.002797011659127732,0.0028817856363581675,0.0029657315003002575,0.003048603684481471,0.0031301518054397313,0.003210121898217276,0.0032882577318154144,0.003364302194032093,0.003437998733392201,0.003509092844363633,0.003577333580831116,0.003642475081972558,0.0037042780943305105,0.003762511474044789,0.0038169536539182946,0.003867394061182553,0.0039136344734174875,0.003955490301922876,0.003992791793771805,0.004025385145627132,0.004053133524014796,0.004075917988002405,0.004093638311056841,0.004106213699235506,0.004113583402840095,0.004115707218312685,0.004112565876595616,0.00410416131353941,0.004090516817358197,0.004071677047719056,0.00404770792090939,0.004018696355727329,0.003984749875329596,0.003945996061267486,0.0039025818573400627,0.0038546727226691922,0.0038024516355126205,0.003746117951723728,0.0036858861243728386,0.0036219842937862206,0.0035546527600456923,0.0034841423527241042,0.0034107127152016533,0.003334630523201943,0.0032561676590926454,0.0031755993649089445,0.0030932023978904647,0.0030092532125098794,0.0029240261924812342,0.0028377919550712973,0.0027508157482387234,0.0026633559587695213,0.0025756627467694872,0.0024879768187430415,0.002400528348173474,0.002313536049163951,0.0022272064054353995,0.0021417330539238084,0.002057296319470123,0.0019740628947191355,0.0018921856573807943,0.0018118036154733325,0.0017330419700549715,0.0016560122842332128,0.0015808127468779302,0.0015075285194076481,0.0014362321542145222,0.0013669840736893286,0.0012998330993528712,0.0012348170212492988,0.001171963198471043,0.001111289182432505,0.0010528033552652917,0.0009965055764530404,0.0009423878315457251,0.0008904348774833135,0.0008406248797119299,0.0007929300368900885,0.0007473171895577516,0.0007037484096776772,0.0006621815684581493,0.0006225708803302872,0.0005848674213832649,0.0005490196209582923,0.0005149737254682627,0.000482674233845457,0.00045206430432535996,0.000423086132551105,0.0003956813012309301,0.0003697911018009044,0.00034535682873781135,0.0003223200473332846,0.0003006228358811119,0.00028020800334621604,0.0002610192836775388,0.0002430015079993837,0.00022610075596831596,0.00021026448761718176,0.00019544165702594223,0.00018158280916259702,0.00016864016122826054,0.00015656766982017313,0.00014532108519672518,0.00013485799389101414,0.00012513785087548402,0.00011612200243115591,0.00010777370082204742,0.00010005811181967031,9.294231606493612e-05,8.639530519619838e-05,8.038797361320978e-05,7.48931066880475e-05,6.988536617602516e-05,6.534127352263371e-05,6.123919170691582e-05,5.755930620757339e-05,5.428360562567e-05,5.1395862447079754e-05,4.8881614378870934e-05,4.672814664656069e-05,4.4924475593568256e-05,4.346133388012689e-05,4.2331157536258166e-05,4.152807508201876e-05,4.1047898887928645e-05,4.0888118909101484e-05
24,4.693866751430868e-05,4.712467189611437e-05,4.768366634510573e-05,4.8618596020852845e-05,4.993437365911827e-05,5.163788568428392e-05,5.373800058186463e-05,5.6245579345533855e-05,5.917348775910436e-05,6.253661021924749e-05,6.635186474929957e-05,7.063821879822282e-05,7.54167053616284e-05,8.071043890374262e-05,8.654463050036438e-05,9.294660156333895e-05,9.9945795447045e-05,0.00010757378617710754,0.00011586428348134236,0.000124853133243222,0.00013457831243943803,0.00014507991756602408,0.00015640014550270616,0.00016858326571347686,0.0001816755826337717,0.0001957253870520901,0.00021078289525759095,0.0002269001746963412,0.000244131054858841,0.0002625310221115928,0.0002821570971873103,0.0003030676940633714,0.0003253224589878452,0.00034898208845836776,0.0003741081250227599,0.0004007627298529377,0.0004290084311465934,0.00045890784753538903,0.0004905233858248463,0.000523916912560347,0.000559149399105982,0.0005962805401384252,0.0006353683456962303,0.0006764687071853016,0.0007196349380227781,0.000764917289902879,0.0008123624459877606,0.0008620129926622433,0.0009139068718412606,0.0009680768161807356,0.0010245497699138645,0.0010833462984128962,0.0011444799899588368,0.0012079568535853773,0.0012737747172460471,0.0013419226309323235,0.0014123802797423148,0.0014851174122615708,0.001560093289966128,0.0016372561636891936,0.0017165427835022574,0.0017978779486433599,0.0018811741043730187,0.0019663309928437786,0.0020532353652228203,0.0021417607623972104,0.00223176737160537,0.002323101966261988,0.0024155979360619617,0.002509075414146602,0.002603341507677372,0.002698190637574609,0.002793404992428373,0.0028887551006645212,0.0029840005239419897,0.003078890673459579,0.0031731657493570746,0.0032665578017049704,0.0033587919096938843,0.0034495874735740637,0.003538659611687118,0.0036257206526281067,0.003710481710253964,0.003792654327020387,0.003871952169115878,0.003948092755217548,0.004020799199568174,0.004089801949596997,0.004154840498562585,0.004215665054704592,0.004272038150093707,0.004323736174627475,0.00437055082322853,0.004412290447013858,0.004448781301762072,0.0044798686891792325,0.004505417988077772,0.004525315573538577,0.004539469622410147,0.004547810803176568,0.004550292847429458,0.004546892999082428,0.004537612336264004,0.004522475959707395,0.004501533040592001,0.004474856720317706,0.00444254385470352,0.004404714595650677,0.004361511804412757,0.00431310029225585,0.004259665886429192,0.004201414321941486,0.004138569962576277,0.004071374357795702,0.004000084645578652,0.0039249718147083106,0.003846318843443939,0.0037644187347500965,0.0036795724711720995,0.00359208691489643,0.003502272680382914,0.0034104420080840994,0.003316906668088336,0.0032219759219888253,0.0031259545698906063,0.003029141107270472,0.0029318260134980024,0.002834290190346717,0.002736803564939592,0.0026396238674655146,0.00254299558985713,0.0024471491276084343,0.002352300103182137,0.00225864886613117,0.0021663801622192644,0.002075662961519814,0.0019866504337137107,0.001899480057579464,0.0018142738509331921,0.0017311387069755986,0.0016501668230715035,0.001571436208354237,0.0014950112571428943,0.0014209433759204706,0.0013492716524882925,0.0012800235568390416,0.0012132156642385727,0.0011488543919465435,0.0010869367419166828,0.0010274510426857087,0.0009703776844774113,0.000915689842311794,0.0008633541826178794,0.0008133315495044973,0.0007655776274487679,0.0007200435777203073,0.0006766766463736132,0.0006354207421145571,0.0005962169827819332,0.0005590042095835757,0.0005237194685902753,0.0004902984593208016,0.0004586759505487846,0.0004287861637278403,0.00040056312466599513,0.0003739409842850106,0.0003488543094756336,0.0003252383452072363,0.00030302924917109274,0.00028216430033214544,0.0002625820828362405,0.00024422264677021827,0.00022702764730287442,0.00021094046374760134,0.0001959063000844875,0.00018187226846276907,0.00016878745717572983,0.00015660298456128584,0.00014527204023432003,0.00013474991500297905,0.00012499402076209621,0.00011596390159400417,0.00010762123724144346,9.992984005009535e-05,9.285564641036776e-05,8.636670366019402e-05,8.043315334338583e-05,7.502721165201534e-05,7.012314781677112e-05,6.569726114652737e-05,6.17278573576785e-05,5.819522477524335e-05,5.5081610931380744e-05,5.237120003277297e-05,5.005009171626613e-05,4.81062814621034e-05,4.6529642985913985e-05,4.531191288416019e-05,4.444667776280964e-05,4.392936403538149e-05,4.375723053399407e-05
25,5.026195305175183e-05,5.0462508177149265e-05,5.106524640331501e-05,5.2073387771373626e-05,5.34923039585986e-05,5.5329525591253e-05,5.7594752281670474e-05,6.029986518780744e-05,6.34589418346271e-05,6.708827287694176e-05,7.120638042259864e-05,7.583403747304812e-05,8.099428797531485e-05,8.671246691518847e-05,9.301621981610306e-05,9.993552094178568e-05,0.00010750268943350177,0.00011575240254486364,0.00012472170506904324,0.00013445001398528276,0.0001449791172843702,0.00015635316586690574,0.00016861865734449873,0.0001818244105134095,0.00019602152921361575,0.0002112633542349888,0.00022760540188750347,0.0002451052878155722,0.0002638226346092121,0.00028381896174842973,0.0003051575564136329,0.00032790332370580434,0.000352122614847343,0.0003778830319796733,0.0004052532082386167,0.00043430256187472325,0.0004651010232947296,0.000497718734033297,0.0005322257168222128,0.000568691516108047,0.0006071848085792435,0.0006477729834998607,0.0006905216929093353,0.0007354943720350105,0.0007827517305756921,0.0008323512158486931,0.0008843464491479611,0.0009387866370348525,0.000995715959673666,0.001055172938728646,0.0011171897877552727,0.0011817917484435378,0.0012489964165019556,0.0013188130614055328,0.0013912419446662132,0.001466273641717737,0.0015438883729356756,0.0016240553497346914,0.001706732142095567,0.0017918640742703444,0.001879383655790367,0.0019692100552531713,0.0020612486246827317,0.00215539048253432,0.0022515121636390626,0.002349475344541006,0.0024491266527558457,0.002550297568458736,0.002652804426970891,0.002756448530142577,0.002861016374305714,0.002966280001875248,0.0030719974828985253,0.0031779135318707125,0.003283760263936614,0.003389258093169888,0.0034941167739440575,0.0035980365844719034,0.003700709649381638,0.003801821395722187,0.003901052134068959,0.003998078753490056,0.004092576516126562,0.004184220934182208,0.004272689709395769,0.004357664712805102,0.00443883398103532,0.004515893704660139,0.0045885501845368045,0.00465652173344444,0.004719540502785614,0.004777354217339132,0.004829727804771903,0.004876444910456291,0.004917309291711637,0.004952146088551008,0.004980802970112575,0.005003151157054005,0.005019086320281901,0.00502852935558984,0.005031427032294439,0.005027752512055091,0.005017505732027384,0.005000713644608944,0.004977430304527942,0.004947736793082211,0.004911740969081927,0.00486957703654106,0.0048214049204081556,0.004767409443588354,0.004707799301118025,0.0046428058305226175,0.0045726815810166604,0.004497698688182941,0.00441814706497756,0.004334332424219785,0.004246574151996761,0.004155203055483679,0.004060559012376284,0.003962988552273493,0.0038628424027564996,0.0037604730344296027,0.00365623223969555,0.003550468779464463,0.003443526130332472,0.003335740362073361,0.0032274381716874603,0.0031189350959253915,0.003010533919368203,0.002902523290038957,0.0027951765493843404,0.0026887507785214337,0.002583486058085881,0.0024796049349924193,0.002377312086028582,0.002276794165500996,0.0021782198221501612,0.0020817398692150844,0.0019874875908055907,0.0018955791675490722,0.0018061142047301544,0.0017191763467431522,0.0016348339625381191,0.0015531408877796642,0.0014741372105822716,0.001397850088878008,0.001324294588666471,0.001253474533559016,0.0011853833571368456,0.0011200049506816716,0.0010573144998016666,0.000997279304362894,0.0009398595769495236,0.0008850092158192795,0.0008326765489991535,0.000782805046786126,0.0007353340004838391,0.0006901991657235557,0.0006473333691902535,0.0006066670780054557,0.0005681289314097911,0.0005316462347421168,0.0004971454160297241,0.00046455244578679205,0.0004337932208668845,0.000404793913430884,0.00037748128627546095,0.00035178297592021983,0.0003276277449755304,0.0003049457054093665,0.0002836685144020996,0.00026372954452511075,0.00024506403000442627,0.00022760919083653094,0.00021130433651231212,0.00019609095107894767,0.00018191276123063387,0.00016871578906943745,0.00015644839111920105,0.00014506128511015493,0.00013450756598134615,0.00012474271247368439,0.00011572458560963829,0.00010741342027755086,9.977181106015153e-05,9.276469336895208e-05,8.63593208694895e-05,8.052524010735584e-05,7.523426317203414e-05,7.046043916503549e-05,6.618002517089305e-05,6.237145736431889e-05,5.901532282429327e-05,5.6094332565998044e-05,5.359329624422945e-05,5.149909892709296e-05,4.980068028621739e-05,4.8489016499217326e-05,4.7557105111450745e-05,4.699995305700976e-05,4.681456799307783e-05
26,5.380127364563764e-05,5.40174368377706e-05,5.466709883045966e-05,5.5753778641025184e-05,5.72833471621449e-05,5.926403584885957e-05,6.170644866249059e-05,6.46235770524919e-05,6.803081769317185e-05,7.194599262704565e-05,7.638937140013268e-05,8.13836947066546e-05,8.695419899121501e-05,9.312864138560816e-05,9.993732428492376e-05,0.00010741311879367543,0.00011559148619744717,0.00012451049653928065,0.0001342108433030717,0.00014473585312907374,0.00015613148940980083,0.00016844634853890048,0.00018173164751177336,0.00019604120150584875,0.0002114313900016254,0.00022796110994414468,0.0002456917143899266,0.00026468693503814693,0.000285012787008697,0.00030673745420557394,0.00032993115359374373,0.0003546659767232035,0.000381015706857483,0.00040905561010729484,0.00043886219903545965,0.0004705129672884462,0.0005040860939246098,0.0005396601162509549,0.0005773135701502197,0.0006171245970791713,0.0006591705171477154,0.0007035273679468996,0.0007502694090817865,0.0007994685926817545,0.0008511940005048571,0.0009055112486228585,0.0009624818610675065,0.001022162614234263,0.0010846048542745785,0.0011498537901592294,0.001217947765560494,0.0012889175131772551,0.0013627853956118118,0.0014395646373976023,0.0015192585532707058,0.001601859778272411,0.001687349505762878,0.001775696739914303,0.0018668575697330459,0.0019607744721301975,0.002057375652014303,0.0021565744278123442,0.0022582686712275682,0.002362340310405134,0.0024686549059861826,0.002577061309772557,0.0026873914158804337,0.0027994600143121445,0.002913064756800702,0.0030279862445601897,0.0031439882471863364,0.0032608180613756125,0.003378207017348431,0.0034958711398524345,0.00361351196936299,0.003730817547563159,0.0038474635693427524,0.00396311470137016,0.0040774260647273115,0.004190044876135071,0.004300612238938055,0.0044087650713145726,0.004514138155243358,0.004616366285785375,0.0047150864964956695,0.004809940333597369,0.0049005761492831885,0.004986651383485444,0.005067834803908732,0.0051438086761355075,0.005214270839090974,0.005278936665792174,0.005337540894644296,0.0053898393220211975,0.0054356103518960214,0.005474656402361007,0.005506805171624383,0.005531910767314237,0.005549854702669073,0.0055605467616434215,0.005563925732429158,0.005559960005792291,0.0055486480313760396,0.005530018622121931,0.005504131094544269,0.0054710752310056805,0.005430971049533404,0.005383968367147507,0.005330246144126836,0.0052700115990410214,0.00520349908761513,0.005130968742435078,0.005052704875007633,0.004969014146618973,0.0048802235196488035,0.00478667800634415,0.004688738237373677,0.004586777877582868,0.004481180921042395,0.004372338901498924,0.0042606480574691186,0.004146506493251781,0.0040303113779009015,0.003912456223600392,0.0037933282828888472,0.003673306100870523,0.0035527572540750424,0.0034320363022269846,0.0033114829731443448,0.0031914205946162993,0.003072154780730201,0.0029539723740145377,0.0028371406391833774,0.002721906699395022,0.002608497201895433,0.002497118196763911,0.0023879552102149494,0.0022811734924882525,0.0021769184196943213,0.0020753160289675022,0.0019764736667914587,0.0018804807312814316,0.0017874094904172207,0.0016973159596167418,0.001610240823533867,0.0015262103884851053,0.0014452375534035153,0.0013673227886471136,0.0012924551133285714,0.0012206130630702812,0.0011517656412195303,0.0010858732475844848,0.0010228885796789294,0.0009627575023003897,0.0009054198820214776,0.0008508103838569374,0.0007988592279870667,0.000749492904978902,0.0007026348484554888,0.0006582060646251698,0.0006161257185004737,0.0005763116770123595,0.0005386810095621173,0.0005031504468515181,0.0004696367990930729,0.00043805733492760675,0.00040833012256698167,0.00038037433483709853,0.0003541105199218095,0.0003294608397039038,0.00030634927766688057,0.0002847018183629998,0.00026444660047145023,0.00024551404546781767,0.00022783696390486994,0.0002113506412674576,0.00019599290531347908,0.0001817041767506881,0.00016842750502781622,0.00015610859094006177,0.00014469579766530525,0.00013414015176010563,0.00012439533555506541,0.00011541767229879207,0.00010716610530949766,9.960217230416033e-05,9.268997598783789e-05,8.639615190074157e-05,8.068983443846323e-05,7.55426218815995e-05,7.092854119510874e-05,6.682401328515558e-05,6.320781933194111e-05,6.0061068751009795e-05,5.736716927263538e-05,5.5111799568931906e-05,5.328288480108771e-05,5.187057540432543e-05,5.0867229375561154e-05,5.026739827797193e-05,5.006781712745748e-05
27,5.756559481146055e-05,5.779847956808769e-05,5.8498414424928736e-05,5.966924322766543e-05,6.131737930154519e-05,6.345181570740901e-05,6.60841393642762e-05,6.922854880129915e-05,7.29018752322627e-05,7.712360657481827e-05,8.191591396408156e-05,8.730368023588772e-05,9.331452977874928e-05,9.997885907531295e-05,0.00010732986717384437,0.00011540358524804762,0.000124238904319497,0.00013387760013137658,0.00014436435407544696,0.00015574676898668044,0.0001680753785324453,0.00018140364883624497,0.00019578797089076313,0.00021128764223241091,0.00022796483627099645,0.0002458845575949696,0.0002651145815065595,0.00028572537598380493,0.000307790004219927,0.0003313840058568035,0.00035658525501068567,0.00038347379318705684,0.0004121316352000084,0.0004426425462520672,0.00047509178839533336,0.0005095658346862675,0.0005461520494665074,0.0005849383333524502,0.0006260127316984509,0.0006694630055134526,0.0007153761640592901,0.0007638379586410299,0.0008149323374151676,0.000868740861389529,0.0009253420821679857,0.0009848108824018966,0.0010472177803463318,0.0011126282003801995,0.0011811017118326553,0.001252691238960795,0.0013274422454427129,0.0014053918972827604,0.0014865682085695333,0.001570989175079256,0.0016586619012755111,0.0017495817268185468,0.001843731359261574,0.0019410800201753325,0.0020415826125031586,0.0021451789175034154,0.0022517928301798336,0.0023613316426267386,0.0024736853852166674,0.002588726236021223,0.0027063080092679217,0.0028262657339789047,0.0029484153341918975,0.003072553422307671,0.0031984572171187223,0.0033258845979281,0.0034545743058433586,0.0035842463028073917,0.003714602298184002,0.003845326451727008,0.003976086260496125,0.0041065336356981156,0.004236306173470997,0.004365028621221943,0.004492314538199147,0.004617768145456791,0.004740986356226584,0.004861560972971479,0.0049790810321977165,0.005093135272695234,0.0052033146976497285,0.00530921519651727,0.005410440189224497,0.005506603253673172,0.005597330698074551,0.005682264042474695,0.00576106237882104,0.005833404585619482,0.005898991380937976,0.005957547205368098,0.006008821933682232,0.006052592419559931,0.006088663881371579,0.006116871138360747,0.006137079705719164,0.006149186754320687,0.00615312193678183,0.006148848076655302,0.006136361712564556,0.006115693484520182,0.006086908345984421,0.006050105582793465,0.006005418618990482,0.00595301459001407,0.005893093665466462,0.005825888106714067,0.005751661048665475,0.005670705000028674,0.005583340061975344,0.005489911871256889,0.005390789280258811,0.005286361793084106,0.0051770367833434364,0.005063236525690625,0.004945395079027436,0.004823955064427763,0.004699364384897843,0.004572072936807775,0.004442529363962522,0.0043111779046732185,0.004178455379800041,0.0040447883656483715,0.003910590590015221,0.003776260582910625,0.0036421796058996184,0.003508709876040547,0.003376193092447881,0.00324494926595842,0.0031152758455410285,0.002987447129194032,0.00286171394226586,0.0027383035624739998,0.002617419868369546,0.002499243686523498,0.0023839333121756035,0.0022716251783384414,0.00216243464922788,0.00205645691523639,0.0019537679683293637,0.001854425638596116,0.0017584706746181184,0.0016659278522420614,0.0015768070982019643,0.001491104616780661,0.0014088040093118252,0.0013298773777884417,0.0012542864051619037,0.0011819834060944833,0.0011129123429780246,0.0010470098029666949,0.000984205932605287,0.0009244253273800121,0.0008675878741875097,0.0008136095453197291,0.0007624031431052445,0.0007138789948374734,0.0006679455980617163,0.0006245102166890846,0.0005834794287585982,0.0005447596269806531,0.0005082574734670358,0.00047388031028591744,0.00044153652767603196,0.0004111358919139794,0.0003825898349539472,0.0003558117080520205,0.0003307170016498337,0.000307223533827004,0.00028525160964112695,0.0002647241536608232,0.00024556681796412,0.00022770806782408903,0.00021107924723881604,0.00019561462638602035,0.00018125143299640395,0.0001679298695463254,0.0001555931180717176,0.00014418733430311692,0.00013366163271785877,0.00012396806400129828,0.00011506158630550704,0.00010690003159223773,9.944406824781036e-05,9.265716106154774e-05,8.650552956691053e-05,8.095810565584153e-05,7.598649129219283e-05,7.156491706953238e-05,6.767020228207353e-05,6.428171710482482e-05,6.138134741013819e-05,5.895346268240522e-05,5.698488743043386e-05,5.5464876437718715e-05,5.438509413405373e-05,5.3739598317363564e-05,5.352482840186918e-05
28,6.156405766112263e-05,6.181483567589804e-05,6.256856770093233e-05,6.382945012324406e-05,6.560448503460683e-05,6.790349227463405e-05,7.073912603634046e-05,7.412689577780857e-05,7.808519110806592e-05,8.263531023811707e-05,8.780149150897547e-05,9.361094742725833e-05,0.0001000939005552438,0.00010728362051611434,0.00011521646128636508,0.00012393189785607115,0.00013347256124401243,0.00014388427075878756,0.00015521606229937872,0.0001675202113896594,0.0001808522495417298,0.00019527097244354164,0.0002108384383680471,0.00022761995510526528,0.0002456840536266055,0.0002651024466041187,0.000285949969827871,0.0003083045044943616,0.0003322468782800382,0.0003578607430688712,0.00038523242717416366,0.00041445075988491716,0.00044560686617886374,0.0004787939294804116,0.0005141069204049026,0.0005516422895232933,0.0005914976223059792,0.0006337712545630601,0.0006785618468926145,0.0007259679168797851,0.0007760873280585031,0.0008290167349547468,0.0008848509838750611,0.0009436824694857793,0.0010056004476455974,0.0010706903054049008,0.0011390327895672082,0.0012107031957185408,0.001285770520166555,0.0013642965777898,0.0014463350893754818,0.0015319307426187433,0.0016211182315650308,0.0017139212798972755,0.0018103516540993684,0.0019104081731649595,0.0020140757221644417,0.002121324277631336,0.002232107953380133,0.002346364076017954,0.00246401230005768,0.0025849537731740587,0.0027090703627573034,0.0028362239554986005,0.0029662558422726736,0.0030989862010448836,0.003234213690902232,0.003371715170565435,0.003511245554858983,0.003652537822575287,0.003795303188946943,0.003939231455518736,0.004083991549567808,0.004229232264329461,0.004374583210105947,0.00451965598480209,0.004664045570450622,0.0048073319597363665,0.004949082013255033,0.0050888515441036754,0.005226187621291198,0.005360631077367073,0.0054917191987335435,0.005618988569667083,0.0057419780336816694,0.005860231729262694,0.0059733021520373365,0.00608075319295052,0.006182163102618951,0.0062771273360216675,0.00636526123887458,0.006446202546762233,0.006519613679287795,0.006585183822837277,0.006642630805702524,0.006691702777137028,0.006732179706668095,0.006763874721356076,0.0067866352968312515,0.00680034431338683,0.006804920981957186,0.0068003216373800955,0.006786540388842224,0.006763609610644599,0.006731600251031396,0.0066906219332246546,0.006640822821209588,0.006582389223236385,0.006515544908306158,0.006440550114845787,0.006357700236050284,0.006267324172676956,0.006169782351137712,0.006065464412325076,0.005954786584537872,0.005838188761979469,0.005716131318409142,0.005589091693416205,0.005457560796172305,0.0053220392780489595,0.005183033730769683,0.005041052870403376,0.004896603769156022,0.0047501881963492145,0.004602299127107122,0.004453417472203363,0.004304009075512303,0.004154522016976041,0.004005384249448488,0.003857001587766295,0.0037097560584686638,0.0035640046092334054,0.003420078168713396,0.0032782810403319284,0.0031388906078957746,0.0030021573266670537,0.0028683049707579193,0.0027375311062577323,0.002610007759199234,0.002485882248115785,0.002365278152323,0.002248296388968048,0.002135016374139811,0.0020254972457606556,0.0019197791284538317,0.0018178844229987169,0.0017198191052778867,0.0016255740217401909,0.001535126170328934,0.001448439957547291,0.001365468423859839,0.0012861544309732552,0.0012104318057191946,0.001138226436298232,0.001069457317555477,0.0010040375427643224,0.0009418752401107078,0.0008828744527094062,0.0008269359615565518,0.0007739580513368805,0.0007238372194655987,0.0006764688291575432,0.0006317477076830595,0.0005895686912927446,0.0005498271185733128,0.0005124192742355612,0.0004772427855340203,0.00044419697367779486,0.000413183162715051,0.0003841049484615878,0.00035686843009927487,0.00033138240709541377,0.0003075585440920987,0.0002853115063883478,0.00026455906859018614,0.000245222198937991,0.00022722512173925088,0.00021049536024126227,0.00019496376217491065,0.00018056451009000138,0.0001672351184869111,0.00015491641963061019,0.00014355253981313774,0.00013309086771089813,0.00012348201636496213,0.00011467978019693503,0.00010664108836071547,9.932595562224002e-05,9.269743185552485e-05,8.67215511442701e-05,8.13672813841198e-05,7.660647519140152e-05,7.241382283972069e-05,6.876680786599212e-05,6.564566591211794e-05,6.303334729727021e-05,6.091548374826793e-05,5.928035965146967e-05,5.811888812852813e-05,5.742459217984006e-05,5.7193591083127e-05
29,6.580594790570327e-05,6.607585098874138e-05,6.688708548894932e-05,6.824423001340344e-05,7.015492504751573e-05,7.262988702860402e-05,7.568292777434101e-05,7.933097898959259e-05,8.359412149342932e-05,8.849561872438417e-05,9.406195399597703e-05,0.00010032287088581032,0.0001073114160499091,0.00011506398365924028,0.0001236203605573971,0.00013302377113726569,0.00014332092083019769,0.00015456203699402304,0.0001668009058765109,0.00018009490421914363,0.00019450502395300704,0.00021009588832509153,0.00022693575768043965,0.0002450965230146652,0.0002646536853039395,0.00028568631851737394,0.0003082770141218205,0.0003325118048037354,0.00035848006505936485,0.00038627438624581537,0.0004159904236444294,0.000447726713067306,0.00048158445454088834,0.0005176672606304079,0.0005560808670287107,0.0005969328031255488,0.0006403320204015374,0.0006863884766570836,0.0007352126742927248,0.000786915151105017,0.000841605922352384,0.0008993938731785622,0.0009603861008571841,0.00102468720673873,0.001092398538239001,0.0011636173817043084,0.0012384361075201604,0.0013169412693943613,0.0013992126603389764,0.001485322328495249,0.001575333556588129,0.00166929980945962,0.0017672636548101042,0.0018692556629719748,0.001975293292248664,0.002085379767073194,0.002199502956972723,0.002317634265068105,0.0024397275355887886,0.0025657179906408206,0.002695521207225046,0.002829032146257073,0.002966124246080108,0.003106648593672809,0.003250433187418968,0.003397282305903229,0.0035469759977032997,0.0036992697075402294,0.0038538940544015224,0.004010554777348187,0.004168932864641859,0.004328684881570481,0.004489443511897159,0.004650818327181564,0.004812396797275515,0.004973745553981908,0.005134411918040505,0.005293925697056651,0.00545180125846059,0.005607539876800967,0.005760632348406544,0.005910561858595488,0.006056807077297723,0.0061988454486198745,0.006336156629314301,0.006468226021428894,0.006594548336930594,0.0067146311281229,0.006827998218249405,0.006934192972282979,0.007032781358306365,0.00712335476408425,0.007205532549752748,0.007278964333985117,0.007343332025500196,0.007398351622676159,0.007443774810236449,0.007479390383131456,0.007505025524187941,0.007520546954729137,0.007525861967419926,0.0075209193394346644,0.0075057101130000066,0.007480268220561286,0.007444670924113329,0.00739903903316491,0.007343536863598636,0.007278371900294364,0.007203794129535097,0.007120095012494903,0.007027606078040514,0.0069266971211957755,0.006817774002525395,0.006701276053097711,0.006577673099387912,0.0064474621323461455,0.006311163654741933,0.006169317750608304,0.006022479929838044,0.005871216809300852,0.005716101698729792,0.005557710164513268,0.005396615646925861,0.005233385205882402,0.005068575466862921,0.004902728832339563,0.004736370015192415,0.004570002939785299,0.004404108044276201,0.004239140005106924,0.004075525892177592,0.003913663751601572,0.0037539216026605676,0.003596636826987221,0.0034421159212819543,0.0032906345800625962,0.0031424380719653686,0.0029977418717851536,0.0028567325105202704,0.0027195686068979567,0.0025863820459209137,0.002457279272626311,0.002332342672248998,0.002211632011130376,0.0020951859158551897,0.001983023371112934,0.0018751452195894605,0.001771535649751028,0.0016721636596674929,0.001576984487033792,0.001485940997303728,0.0013989650233706026,0.0013159786515432289,0.0012368954497021757,0.001161621634507426,0.0010900571753896583,0.0010220968338143072,0.0009576311369775307,0.0008965472856896149,0.0008387299967341549,0.0007840622804676464,0.0007324261548487755,0.0006837032974628832,0.0006377756374368931,0.0005945258894248771,0.0005538380320855351,0.0005155977336713928,0.00047969272750684187,0.00044601314024996706,0.0004144517759134995,0.0003849043586656353,0.0003572697374446348,0.00033145005540509225,0.00030735088717175556,0.0002848813468120918,0.00026395416935476426,0.000244485768581089,0.00022639627370350698,0.00020960954742211527,0.00019405318772007852,0.00017965851562377867,0.00016636055101606258,0.00015409797845284572,0.0001428131047962687,0.0001324518103429573,0.0001229634949948159,0.00011430102089305961,0.00010642065281451013,9.928199751299075e-05,9.284794307822677e-05,8.708459928010827e-05,8.196123976747909e-05,7.745024689765491e-05,7.352705988541474e-05,7.017012687795596e-05,6.736086148488493e-05,6.508360421932076e-05,6.33255892371644e-05,6.207691669604319e-05,6.133053099287887e-05,6.108220507891854e-05
30,7.030066194426558e-05,7.059098382309206e-05,7.146361254645632e-05,7.292354069206163e-05,7.497910023763121e-05,7.764197893615134e-05,8.092724294604932e-05,8.485336541883687e-05,8.944226065850367e-05,9.471932337633199e-05,0.00010071347247137468,0.00010745719867020782,0.00011498661525940126,0.00012334151104019555,0.00013256540452696614,0.0001427055982991368,0.00015381323230033295,0.00016594333475894118,0.00017915486928121472,0.00019351077654216728,0.000209078008871445,0.0002259275559021024,0.00024413445932088581,0.00026377781463067756,0.0002849407577108442,0.0003077104338413175,0.00033217794674355726,0.0003584382850886027,0.00038659022383200455,0.00041673619766056664,0.0004489821437797718,0.00048343731123693984,0.0005202140339671159,0.0005594274647700031,0.0006011952674804954,0.000645637264685953,0.000692875038473503,0.0007430314818631751,0.0007962302988000269,0.0008525954508424264,0.0009122505489955711,0.0009753181894996716,0.0010419192327908158,0.001112172025308386,0.001186191564324403,0.0012640886065149726,0.0013459687215792975,0.0014319312928342317,0.0015220684673686424,0.0016164640590283865,0.0017151924082161572,0.001818317203227802,0.0019258902686054267,0.0020379503267657375,0.0021545217399583736,0.002275613240422632,0.0024012166574416366,0.0025313056508402226,0.0026658344613356357,0.002804736689026438,0.0029479241121904603,0.0030952855594500697,0.0032466858492413496,0.0034019648113777536,0.0035609364063088466,0.003723387958417963,0.003889079520354766,0.004057743385937005,0.0042290837695625125,0.004402776670338111,0.004578469939256549,0.004755783567741988,0.0049343102157432045,0.005113615997266685,0.0052932415407518675,0.005472703340870129,0.0056514954169534296,0.0058290912909934114,0.006004946294564625,0.006178500208633073,0.006349180232572842,0.006516404268565548,0.006679584494970932,0.006838131187787071,0.0069914567340900275,0.007138979767025641,0.007280129340558329,0.007414349055839048,0.007541101051414652,0.007659869777404712,0.007770165488907356,0.007871527414718013,0.00796352658138488,0.008045768296547651,0.008117894316304464,0.008179584736514055,0.008230559655949134,0.008270580659703942,0.008299452164911488,0.008317022659121133,0.008323185846550146,0.008317881700892916,0.008301097407340332,0.008272868162491164,0.008233277790060766,0.008182459123381208,0.008120594102863317,0.008047913537685003,0.007964696485501941,0.007871269211266792,0.007768003695533828,0.007655315673201045,0.007533662194925662,0.007403538715061391,0.007265475721719634,0.007120034936396743,0.006967805122506764,0.00680939755399588,0.006645441206690538,0.0064765777456266835,0.006303456390615945,0.006126728748930611,0.0059470437074866985,0.005765042476720472,0.005581353874243424,0.0053965899284437475,0.005211341870955898,0.005026176573111482,0.004841633466066609,0.004658221968289721,0.004476419428458317,0.004296669577384296,0.004119381470002928,0.003944928888136575,0.00377365016688036,0.0036058484020581967,0.0034417919931112673,0.003281715474740588,0.0031258205912931434,0.0029742775698887126,0.0028272265512654673,0.0026847791409369574,0.0025470200472054393,0.002414008776623547,0.0022857813614507922,0.0021623520973796766,0.0020437152732227996,0.0019298468773122268,0.0018207062680528018,0.0017162377984027474,0.0016163723860546627,0.0015210290227939158,0.0014301162179594959,0.0013435333721645915,0.0012611720784876375,0.001182917349252011,0.001108648767301149,0.0010382415613676625,0.0009715676057465492,0.0009084963450263226,0.0008488956451161332,0.0007926325722375036,0.0007395741019296205,0.0006895877604493382,0.0006425422012325163,0.0005983077193229811,0.0005567567068702772,0.0005177640529487212,0.00048120749105969344,0.00044696789774869444,0.00041492954580100137,0.00038498031547767235,0.00035701186722046467,0.00033091977919340917,0.000306603652943945,0.00028396719036132424,0.0002629182449880223,0.00024336885060461462,0.00022523522986324314,0.00020843778559242784,0.00019290107723928527,0.00017855378475662933,0.00016532866208404524,0.00015316248221563272,0.00014199597569419022,0.00013177376422334136,0.00012244429094641017,0.00011395974880439655,0.00010627600825563578,9.935254551689669e-05,9.315237236985865e-05,8.764196846804091e-05,8.279121697714906e-05,7.857334428615619e-05,7.496486443687533e-05,7.194552883585974e-05,6.949828173369055e-05,6.760922188253974e-05,6.626757071275916e-05,6.546564730255461e-05,6.519885035094388e-05
31,7.505766992587813e-05,7.536976790630197e-05,7.630787405982499e-05,7.787742886389443e-05,8.008751253827764e-05,8.295086402343354e-05,8.648390723373415e-05,9.07067842663144e-05,9.564339515127506e-05,0.00010132144363110013,0.00010777248835594448,0.00011503199877641408,0.0001231394149061888,0.00013213821001299876,0.00014207595517781756,0.0001530043845385697,0.00016497945990616412,0.0001780614333074339,0.000192314905871911,0.00020780888133782122,0.00022461681230799872,0.00024281663723956534,0.0002624908060034474,0.00028372629170263827,0.00030661458629338177,0.00033125167741330006,0.00035773800368737324,0.00038617838565940745,0.0004166819293862916,0.0004493618996383624,0.00048433555957523415,0.0005217239737163976,0.0005616517710037906,0.0006042468647635092,0.0006496401264199596,0.0006979650099020233,0.0007493571238109269,0.0008039537485968523,0.0008618932962187209,0.0009233147100413067,0.000988356803057393,0.0010571575329108305,0.0011298532126389799,0.0012065776565491865,0.0012874612611918606,0.0013726300219899553,0.0014622044867280298,0.0015562986477901286,0.001655018775760663,0.0017584621977625205,0.0018667160246982693,0.0019798558323804415,0.0020979443023829637,0.002221029829316191,0.002349145102121678,0.0024823056678995796,0.0026205084877214623,0.0027637304948446018,0.0029119271667298508,0.0030650311232718916,0.0032229507646735055,0.0033855689634261455,0.003552741825884961,0.0037242975399299763,0.003900035326164438,0.004079724510992055,0.004263103740713074,0.004449880356466723,0.004639729950417478,0.004832296124043817,0.0050271904697680135,0.005223992797504353,0.005422251628040784,0.00562148497551703,0.005821181441565585,0.006020801643771138,0.006219780000649478,0.006417526893830902,0.006613431224858107,0.006806863378163969,0.00699717859259402,0.007183720730729519,0.007365826418187482,0.007542829504703588,0.007714065776732325,0.0078788778300193,0.00803661999325773,0.008186663183816507,0.008328399576336323,0.008461246976155693,0.008584652811644979,0.008698097690218405,0.008801098498056468,0.008893211058527847,0.008974032394183741,0.00904320265826291,0.009100406811788598,0.009145376121279674,0.009177889541164701,0.009197775026624075,0.009204910799777845,0.00919922656790256,0.009180704669375768,0.009149381103432865,0.009105346385045085,0.009048746157091498,0.00897978148867767,0.008898708790577237,0.00880583928553701,0.008701537981505454,0.008586222108528486,0.008460358994000614,0.008324463365309323,0.008179094083167531,0.00802485032295698,0.007862367235332405,0.007692311131372623,0.00751537425179064,0.007332269193903235,0.0071437230835934154,0.006950471591403538,0.006753252901001188,0.00655280174341974,0.006349843610815707,0.006145089258588058,0.005939229594704056,0.005732931040638363,0.005526831430544418,0.005321536495476312,0.0051176169590677004,0.004915606251353603,0.0047159988294732565,0.004519249078610101,0.004325770754190123,0.004135936917259637,0.003950080309034145,0.003768494107591773,0.003591433009185771,0.0034191145782027036,0.0032517208129053264,0.003089399878297076,0.0029322679623002795,0.002780411216588698,0.0026338877485658422,0.002492729635916555,0.002356944939732319,0.0022265196963326245,0.0021014198715366052,0.001981593264280465,0.0018669713491532192,0.0017574710496796803,0.001652996436068265,0.00155344034271769,0.0014586859020946645,0.0013686079927029996,0.0012830745998050792,0.001201948088363928,0.0011250863883753319,0.0010523440933750666,0.0009835734734509269,0.0009186254045728643,0.0008573502164834311,0.0007995984617686306,0.0007452216090581647,0.0006940726635849999,0.0006460067185677801,0.0006008814410665745,0.0005585574961037705,0.0005188989129390756,0.00048177339744262196,0.000447052594525662,0.0004146123045673731,0.00038433265772233437,0.0003560982499100693,0.0003297982441795846,0.0003053264410120795,0.00028258132097787856,0.00026146606300294663,0.00024188854132965758,0.00022376130407909486,0.0002070015361410548,0.00019153100893572238,0.00017727601940999713,0.00016416732045357183,0.00015214004474671576,0.00014113362388452964,0.0001310917044621966,0.00012196206265312289,0.00011369651866729029,0.00010625085234084318,9.958472097994216e-05,9.366158046210228e-05,8.844861048633476e-05,8.391664475905341e-05,8.004010680542372e-05,7.679695200509124e-05,7.416861636643336e-05,7.213997247400036e-05,7.069929296898465e-05,6.983822185169005e-05,6.95517538273642e-05
32,8.0086475685531e-05,8.042177215041279e-05,8.142963493179201e-05,8.31159886211644e-05,8.549072226062807e-05,8.856771125876432e-05,9.236484773443987e-05,9.690407894690666e-05,0.00010221145336845218,0.00010831717385042569,0.00011525565722409018,0.00012306559956384793,0.0001317900462214443,0.00014147646561535473,0.00015217682562938074,0.0001639476713383347,0.00017685020263652075,0.0001909503501966462,0.0002063188480331145,0.00022303130078488251,0.00024116824366996676,0.00026081519289727315,0.0002820626841530258,0.0003050062966103167,0.0003297466597431603,0.00035638944006326364,0.0003850453047412122,0.0004158298589270179,0.0004488635534514395,0.0004842715594729673,0.0005221836065400108,0.0005627337804680155,0.000606060277391583,0.0006523051103468633,0.0007016137647742488,0.0007541347994103253,0.0008100193891654412,0.0008694208067631081,0.0009324938401531128,0.0009993941430044436,0.0010702775159388113,0.0011452991165817013,0.0012246125969856303,0.0013083691675186456,0.0013967165869083603,0.001489798078785247,0.0015877511757752287,0.0016907064929469794,0.0017987864332196849,0.0019121038281783278,0.002030760518621994,0.002154845880083106,0.002284435299499346,0.0024195886101937318,0.0025603484933212003,0.0027067388549721545,0.0028587631891852905,0.003016402938213987,0.0031796158625120585,0.0033483344340532227,0.0035224642677683885,0.0037018826070657194,0.003886436880574785,0.004075943348407129,0.004270185857326023,0.004468914725241846,0.004671845776374681,0.004878659549242971,0.00508900070035855,0.005302477627175849,0.005518662334531341,0.005737090569619149,0.005957262251584916,0.006178642223148309,0.006400661353249408,0.006622718021341016,0.006844180015146489,0.00706438687368901,0.007282652705080692,0.007498269502623014,0.007710510971875415,0.007918636864454895,0.008121897791098573,0.008319540457741748,0.008510813236258923,0.008694971949789371,0.008871285726057112,0.009039042755972082,0.009197555793445533,0.009346167248153486,0.009484253755426653,0.009611230152870055,0.009726552845458411,0.009829722592107034,0.009920286789740463,0.009997841360079938,0.010062032356858173,0.010112557406973909,0.010149167080693477,0.010171666257429109,0.01017991551950339,0.010173832571080385,0.010153393646843442,0.010118634847838842,0.01006965332201885,0.010006608195312221,0.009929721155580464,0.009839276595898918,0.009735621233944903,0.009619163139184529,0.009490370117170126,0.009349767418874942,0.009197934761305874,0.009035502662975932,0.008863148114172634,0.008681589617821402,0.008491581652800843,0.00829390862831884,0.008089378415380717,0.007878815558754422,0.007663054288787184,0.007442931465173358,0.007219279592512348,0.006992920048816752,0.006764656662330696,0.006535269759250868,0.006305510786178664,0.006076097587958147,0.005847710395891574,0.005620988555132983,0.005396527995100691,0.005174879424421271,0.0049565472131854246,0.004741988910684249,0.004531615336434367,0.00432579117600264,0.004124836010483878,0.003929025708897417,0.003738594115609858,0.0035537349695131046,0.0033746039974823614,0.003201321131074521,0.0030339728020629115,0.0028726142788977217,0.002717272012287033,0.0025679459636526163,0.0024246118951427387,0.0022872236041552962,0.002155715088956828,0.002030002635024499,0.0019099868142551954,0.0017955543912527567,0.0016865801325961019,0.0015829285163779887,0.001484455340448871,0.001391009228755556,0.0013024330359728926,0.0012185651513215343,0.0011392407030703638,0.0010642926657554908,0.0009935528726200695,0.0009268529361973436,0.0008640250803269318,0.0008049028872130828,0.0007493219634039543,0.0006971205287930306,0.0006481399329177689,0.0006022251029571147,0.0005592249279098505,0.0005189925834718057,0.00048138580212434614,0.00044626709290248185,0.0004135039152320922,0.0003829688111162064,0.00035453949981425895,0.0003280989390001166,0.00030353535620872524,0.00028074225419161194,0.0002596183936020963,0.0002400677562255101,0.00022199949176125326,0.00020532785095497494,0.00018997210767304204,0.00017585647230981133,0.0001629099987227497,0.00015106648670248189,0.00014026438180538226,0.0001304466742060528,0.00012156079806637193,0.00011355853276692528,0.00010639590720552563,0.00010003310823598214,9.443439419795e-05,8.956801437510684e-05,8.54061351135028e-05,8.192477323407182e-05,7.910373728228349e-05,7.692657707300668e-05,7.538054190908369e-05,7.445654777707491e-05,7.414915375232254e-05
33,8.539657347053566e-05,8.575655719288569e-05,8.683865576489745e-05,8.864931649743104e-05,9.119930184398398e-05,9.450371462418901e-05,9.858203297591212e-05,0.0001034581546714315,0.0001091604503237649,0.00011572182489593435,0.00012317978680805714,0.00013157652381392897,0.00014095898468960256,0.00015137896564083406,0.00016289320019375738,0.0001755634511834718,0.00018945660329826156,0.00020464475447296354,0.0002212053042538139,0.00023922103707943378,0.00025878019823921244,0.0002799765600822654,0.0003029094758587701,0.00032768391838254324,0.0003544105005113521,0.0003832054742521745,0.00041419070511540263,0.00044749361816821256,0.00048324711207683427,0.0005215894372844858,0.0005626640343509155,0.0006066193283857774,0.000653608475446655,0.0007037890567488089,0.0007573227165530664,0.0008143747396659781,0.000875113564607519,0.000939710228680806,0.001008337741419618,0.001081170383196217,0.0011583829261465233,0.0012401497750134884,0.0013266440260229035,0.001418036442488161,0.0015144943464898046,0.0016161804266894195,0.0017232514631119174,0.0018358569705615641,0.0019541377632207764,0.002078224443912451,0.002208235822482348,0.0023442772687744177,0.002486439006726361,0.002634794357203503,0.00278939793831565,0.0029502838331240478,0.003117463735844422,0.0032909250888872804,0.003470629224347078,0.0036565095248531415,0.0038484696200194097,0.00404638163606294,0.004250084517482465,0.0044593824409714196,0.004674043342954293,0.00489379758325221,0.005118336768384886,0.005347312758907033,0.005580336886001146,0.005816979403400996,0.006056769201754017,0.006299193813948162,0.00654369974194588,0.006789693138450363,0.007036540880293142,0.007283572074520713,0.0075300800421132,0.007775324826934426,0.008018536277217091,0.00825891774154969,0.008495650408751672,0.008727898299353911,0.008954813884788807,0.009175544269667393,0.009389237825746716,0.00959505111883788,0.00979215592937715,0.009979746141806162,0.01015704427432137,0.010323307442926432,0.01047783260144296,0.01061996096656005,0.010749081614340133,0.010864634309970282,0.010966111694616271,0.011053060993620724,0.011125085425052857,0.011181845477507158,0.01122306019555047,0.011248508566983725,0.011258031055297102,0.011251531269840425,0.011228977720439438,0.011190405566073883,0.011135918240975116,0.011065688827021709,0.010979961038432115,0.010879049692321563,0.010763340554720275,0.010633289473543445,0.010489420734884129,0.010332324604177223,0.010162654037242463,0.009981120567006573,0.009788489390061926,0.009585573694323819,0.00937322828649696,0.009152342597175452,0.008923833162609918,0.008688635704674132,0.008447696952344595,0.008201966366277836,0.007952387939918747,0.007699892253678499,0.0074453889519019885,0.007189759795804017,0.006933852420773187,0.006678474895822741,0.006424391149336236,0.006172317291398477,0.005922918831306309,0.005676808761107957,0.005434546453351315,0.005196637304138834,0.004963533041079251,0.004735632609391369,0.004513283547585054,0.00429678376600297,0.004086383646185412,0.0038822883856760135,0.003684660520753086,0.0034936225679972318,0.003309259734067306,0.0031316226511618195,0.0029607301031222355,0.0027965717138272333,0.0026391105753604278,0.0024882857984045697,0.002344014971468811,0.002206196518969938,0.0020747119509590397,0.0019494279995130985,0.0018301986385951799,0.001716866985617558,0.001609267084097676,0.0015072255677424863,0.0014105632070842019,0.0013190963404591588,0.0012326381916997588,0.0011510000774167203,0.001073992507197352,0.0010014261804422563,0.0009331128839109886,0.000868866294347723,0.000808502690810621,0.000751841581532707,0.0006987062502971468,0.0006489242274160361,0.0006023276904600093,0.0005587537998979485,0.000518044974774376,0.0004800491134800828,0.00044461976456308444,0.000411616252386451,0.00038090376227154095,0.0003523533895743883,0.0003258421569341345,0.00030125300370996275,0.00027847475139124774,0.00025740204852847605,0.00023793529849345697,0.00021998057313950677,0.0002034495151983314,0.0001882592320224452,0.00017433218306196465,0.0001615960632538863,0.00014998368430152643,0.0001394328556323519,0.00012988626664435892,0.00012129137168458113,0.00011360027904813629,0.00010676964514215933,0.00010076057482557552,9.553852881236483e-05,9.107323891207911e-05,8.733863177614378e-05,8.43127617210847e-05,8.197775310941183e-05,8.03197526845647e-05,7.932889217717462e-05,7.899926142498579e-05
34,9.099740139242434e-05,9.138362863776422e-05,9.254464546987175e-05,9.448746301945094e-05,9.722378592478307e-05,0.00010077004127161465,0.00010514741872559767,0.00011038192146957228,0.00011650442744110484,0.00012355076024432978,0.00013156176898339843,0.00014058341613188327,0.00015066687241257644,0.0001618686175146071,0.00017425054531916342,0.00018788007214094396,0.0002028302463195726,0.0002191798573135566,0.0002370135422591458,0.00025642188775812006,0.0002775015244528273,0.00030035521173478696,0.00032509190971629406,0.000351826835374532,0.00038068149955699517,0.0004117837213182498,0.0004452676158444437,0.0004812735520172104,0.0005199480754769189,0.0005614437928712974,0.0006059192128244526,0.0006535385390387767,0.0007044714108540587,0.0007588925865403865,0.0008169815646003089,0.0008789221384073684,0.0009449018796183556,0.0010151115459709594,0.0010897444093217125,0.0011689955000953073,0.001253060764708569,0.0013421361330025715,0.0014364164932653993,0.0015360945730554128,0.0016413597247390119,0.0017523966154350539,0.001869383821906728,0.001992492331856539,0.0021218839540564807,0.0022577096407789257,0.0024001077270797786,0.0025492020926204733,0.0027051002528964804,0.0028678913879653318,0.0030376443180358476,0.0032144054365918833,0.0033981966130783737,0.0035890130785734393,0.0037868213093046055,0.0039915569243323505,0.004203122615207235,0.004421386126887212,0.004646178310650513,0.0048772912711204635,0.005114476630792271,0.005357443936584492,0.005605859233915806,0.005859343834658058,0.006117473306131247,0.006379776709264215,0.00664573611542428,0.0069147864335842215,0.007186315582846975,0.007459665050225037,0.00773413088009677,0.008008965149650361,0.008283377992980252,0.00855654024364281,0.008827586768895262,0.009095620565317626,0.009359717671526564,0.009618932926096179,0.00987230655583496,0.010118871521940402,0.010357661483422726,0.010587719166567392,0.010808104867366114,0.011017904773490628,0.011216238784753554,0.011402267542638877,0.01157519844972381,0.011734290559996318,0.011878858335963773,0.012008274379545887,0.01212197133352582,0.01221944320615544,0.012300246388001784,0.012364000609427935,0.01241039003716895,0.01243916464023664,0.01245014188003098,0.012443208706512367,0.012418323778532954,0.012375519776376959,0.012314905640592462,0.012236668554058864,0.012141075483331192,0.012028474108822525,0.011899292998378566,0.011754040911357986,0.011593305156018545,0.01141774895755699,0.011228107824337629,0.011025184924242539,0.010809845502357935,0.01058301038781402,0.010345648654796643,0.010098769523433145,0.0098434136117781,0.009580643679644266,0.00931153503551091,0.009037165804681238,0.008758607275421455,0.008476914546109514,0.008193117688474258,0.007908213620135173,0.007623158846247581,0.007338863188884014,0.007056184578119657,0.0067759249346575,0.0064988271334672715,0.006225573003549758,0.005956782291795842,0.005693012499344208,0.005434759486549942,0.00518245873690174,0.004936487169941199,0.004697165397295265,0.004464760323177363,0.004239488000065482,0.004021516660781086,0.003810969859089411,0.0036079296616129803,0.0034124398438599556,0.003224509052234806,0.0030441139018692687,0.00287120198693958,0.0027056947858523943,0.0025474904483712276,0.0023964664555347435,0.0022524821462200357,0.0021153811065625903,0.0019849934202867277,0.0018611377794394575,0.0017436234561534136,0.001632252136969694,0.0015268196219904544,0.0014271173917497677,0.0013329340452219352,0.0012440566128503678,0.00116027174889028,0.0010813668077213423,0.0010071308091045442,0.000937355297630703,0.0008718351018348986,0.0008103689986299013,0.0007527602888410534,0.0006988172897045092,0.0006483537502206658,0.0006011891952365664,0.0005571492040675212,0.0005160656293626268,0.00047777676177536963,0.0004421274458237448,0.000408969152119271,0.00037816001091604953,0.00034956481168467045,0.00032305497315621227,0.00029850848801343284,0.00027580984613373167,0.00025484994001538847,0.0002355259557482731,0.00021774125262552567,0.0002014052342359717,0.0001864332136301662,0.00017274627491739158,0.00016027113342771297,0.0001489399963629881,0.00013869042566388529,0.00012946520463653747,0.00012121220971226942,0.0001138842885564842,0.00010743914559772924,0.00010183923591447583,9.70516682944415e-05,9.30481181684675e-05,8.980475101708707e-05,8.73021567519849e-05,8.552529548553166e-05,8.446345501843036e-05,8.411022029717482e-05
35,9.689829156040263e-05,9.731238695188348e-05,9.855721044922937e-05,0.00010064038070015142,0.00010357461765664654,0.00010737777568178356,0.00011207288949320718,0.00011768823253240364,0.0001242573872243244,0.0001318193264623354,0.00014041850551760625,0.00015010496342900175,0.00016093443277839618,0.0001729684565963172,0.0001862745109732806,0.00020092613177259127,0.00021700304365042934,0.00023459128938858967,0.00025378335733440885,0.00027467830452159565,0.00029738187281557735,0.0003220065951886534,0.0003486718889851679,0.00037750413278697567,0.00040863672323706424,0.0004422101079272139,0.00047837179020746793,0.0005172763015349873,0.0005590851367521496,0.0006039666474737238,0.0006520958885762833,0.0007036544126259313,0.000758830006959494,0.0008178163680564753,0.0008808127078113237,0.0009480232863449724,0.001019656866088009,0.0010959260820316492,0.0011770467232827364,0.0012632369213802228,0.0013547162412369767,0.0014517046710650445,0.0015544215082261168,0.0016630841386220756,0.0017779067080017992,0.001899098684407548,0.002026863311913651,0.0021613959568176234,0.002302882348524501,0.00245149671851419,0.002607399841994361,0.0027707369881137525,0.0029416357859394096,0.0031202040147838375,0.0033065273289026712,0.0035006669280686726,0.003702657187061779,0.003912503258693737,0.004130178666602188,0.004355622905689856,0.004588739069728244,0.004829391527260338,0.005077403668479907,0.00533255574718374,0.005594582843132197,0.005863172971168813,0.006137965364231952,0.006418548957997946,0.006704461105489161,0.006995186550868209,0.007290156693291439,0.007588749174730883,0.007890287830790868,0.008194043051368814,0.008499232608861765,0.00880502302522248,0.009110531564319704,0.009414828950359541,0.009716942922864603,0.010015862739000955,0.010310544719369027,0.01059991889857783,0.01088289678367915,0.011158380142126941,0.01142527064187291,0.01168248006115315,0.011928940691523744,0.012163615494491596,0.012385507557459721,0.01259366843928894,0.012787205098944635,0.01296528524929924,0.013127141148746366,0.013272072007263899,0.01339944531389128,0.013508697470003614,0.013599334129747627,0.01367093061016306,0.013723132652591567,0.013755657711953112,0.013768296838798912,0.013760917114562099,0.01373346451232874,0.01368596698886153,0.01361853757068859,0.013531377178005195,0.013424776933635493,0.013299119727670783,0.013154880847418797,0.012992627531213647,0.012813017356613166,0.012616795421704425,0.01240479031733715,0.012177908915799781,0.011937130019160353,0.011683496922888786,0.011418108963794563,0.011142112141545158,0.010856688933239027,0.010563047459947449,0.010262410208092853,0.009956002549497037,0.009645041333705657,0.00933072383814774,0.009014217352492467,0.008696649643838712,0.008379100503159813,0.008062594516865671,0.007748095147097552,0.007436500146326945,0.007128638280356883,0.006825267291568902,0.006527073002329041,0.006234669436792434,0.005948599827068598,0.005669338365506147,0.005397292567189399,0.0051328061140319715,0.004876162062603907,0.004627586310696186,0.004387251231471561,0.004155279397963218,0.003931747333981922,0.003716689239711566,0.0035101006511338265,0.0033119420018009405,0.0031221420633669927,0.0029406012477737557,0.002767194759203894,0.002601775588029548,0.0024441773421758186,0.0022942169137604323,0.00215169698072247,0.0020164083445542305,0.0018881321063176082,0.00176664168395322,0.0016517046745483208,0.0015430845657703792,0.0014405423011328213,0.0013438377041605466,0.001252730766878213,0.0011669828083596186,0.0010863575093528397,0.0010106218292313361,0.0009395468117131261,0.000872908285935217,0.0008104874695663754,0.0007520714806865931,0.0006974537651561637,0.0006464344461423548,0.0005988206023696538,0.0005544264815140431,0.0005130736549770336,0.00047459112005627613,0.0004388153552817956,0.0004055903344158151,0.00037476750432521486,0.00034620573163422774,0.00031977122275598515,0.000295337421589556,0.000272784888858256,0.0002520011667588037,0.0002328806322923774,0.00021532434236028818,0.00019923987343078026,0.00018454115832090547,0.00017114832238952435,0.00015898752120490465,0.00014799078153339792,0.00013809584729425608,0.00012924603193949889,0.0001213900785463615,0.00011448202875253688,0.00010848110152034673,0.00010335158258417676,9.906272531495833e-05,9.558866362507077e-05,9.290833743563289e-05,9.100543113457172e-05,8.986832536691435e-05,8.949006241723604e-05
36,0.00010310841687613558,0.00010355207399455056,0.00010488580033038958,0.00010711786844003523,0.00011026209123881853,0.00011433785977013745,0.0001193701956539373,0.0001253898177805885,0.0001324332226841503,0.00014054277789101355,0.0001497668273947623,0.00016015980825464528,0.00017178237715224833,0.0001847015455678761,0.00019899082205396588,0.00021473035988692896,0.00023200710817067094,0.0002509149642444446,0.0002715549250146458,0.0002940352345849791,0.000318471525302746,0.00034498694907187136,0.00037371229550715315,0.0004047860932210399,0.0004383546902464965,0.0004745723093102619,0.0005136010733837158,0.0005556109966579611,0.0006007799358205932,0.0006492934962595917,0.0007013448875911265,0.0007571347227096735,0.0008168707543980628,0.0008807675434197009,0.0009490460519532223,0.0010219331562293364,0.0010996610722985752,0.0011824666890046273,0.0012705908024679227,0.0013642772467043099,0.0014637719154190734,0.0015693216705310693,0.0016811731335978212,0.0017995713570310053,0.0019247583728123504,0.002056971617340714,0.002196442232058831,0.0023433932406189233,0.0024980376045452305,0.0026605761606336084,0.0028311954446885675,0.003010065407632002,0.0031973370315211205,0.003393139854582413,0.003597579416000427,0.0038107346328911697,0.0040326551236349335,0.004263358493533872,0.0045028276005816634,0.004751007820963328,0.005007804335707717,0.005273079461643306,0.005546650051393173,0.005828284988507677,0.006117702804890501,0.006414569448361249,0.006718496228506222,0.007029037968994808,0.007345691394546962,0.007667893781221599,0.00799502190041806,0.008326391290956636,0.008661255900991337,0.008998808153397778,0.0093381795053399,0.00967844159474499,0.010018608091828708,0.01035763739922671,0.01069443636428968,0.01102786517438414,0.011356743592130793,0.011679858644150196,0.011995973798208135,0.012303839548940133,0.012602205188771315,0.01288983138502627,0.013165503042213804,0.013428041830467276,0.013676317734943964,0.01390925904348586,0.01412586034051905,0.014325188294355199,0.014506385277373992,0.0146686711005647,0.014811343334039523,0.014933776793616411,0.015035422789195587,0.015115808661899165,0.01517453800704329,0.015211291818474528,0.01522583062414884,0.015217997533456826,0.01518772199575445,0.015135023982143354,0.01506001824983551,0.014962918329294137,0.014844039886322805,0.014703803150567879,0.01454273416273012,0.01436146466688347,0.014160730551179966,0.013941368808750122,0.013704313041777284,0.013450587561529476,0.01318130014818514,0.012897633535198313,0.012600835685549674,0.01229220894263829,0.011973098173395588,0.011644878075128593,0.01130893988308395,0.010966677780020013,0.010619475357954641,0.010268692504201784,0.009915653073178217,0.009561633663581282,0.009207853754571867,0.008855467374916104,0.008505556396302094,0.008159125464997329,0.007817098520437257,0.007480316798072732,0.007149538177357352,0.006825437713096116,0.006508609177644156,0.006199567440443721,0.005898751517889185,0.005606528138415909,0.005323195683140618,0.005048988379727336,0.004784080645094624,0.004528591490095924,0.004282588915661494,0.00404609424461466,0.003819086346216229,0.0036015057213762245,0.0033932584254616435,0.0031942198128732625,0.0030042380932683815,0.002823137693699943,0.002650722424258165,0.0024867784472588665,0.002331077051819672,0.0021833772369698806,0.0020434281073897363,0.0019109710865786657,0.0017857419527907783,0.0016674727035073914,0.00155589325457883,0.0014507329804844885,0.0013517221024428843,0.0012585929313561949,0.0011710809727953882,0.0010889259014186822,0.0010118724123627627,0.000939670957248179,0.0008720783724938317,0.0008088584076380994,0.0007497821613151607,0.0006946284324353365,0.00064318399397016,0.0005952437965499931,0.0005506111088489696,0.000509097601464178,0.0004705233806990963,0.0004347169783412804,0.00040151530318715715,0.000370763559718166,0.0003423151389778115,0.0003160314863433148,0.00029178195053285074,0.0002694436178436119,0.000248901135280331,0.00023004652591103488,0.00021277899947871957,0.00019700476100584073,0.0001826368198540296,0.00016959480144484803,0.00015780476360889657,0.00014719901931004164,0.00013771596728852413,0.00012929993198059232,0.00012190101390222652,0.00011547495152949459,0.00010998299556698056,0.00010539179636736507,0.00010167330514833375,9.880468954624906e-05,9.676826394809672e-05,9.555143495276522e-05,9.514666222837302e-05
37,0.00010963673449611755,0.00011011171618569875,0.00011153965024954899,0.00011392951233182033,0.00011729629063855074,0.00012166102891277263,0.00012705088614974774,0.00013349921259594243,0.00014104564143577859,0.0001497361954238243,0.0001596234075655326,0.00017076645478557493,0.0001832313033480137,0.0001970908646059055,0.00021242515945843612,0.0002293214896805499,0.0002478746140626251,0.0002681869270556755,0.0002903686373607063,0.0003145379436294092,0.0003408212041579081,0.0003693530971567198,0.000400276767869926,0.0004337439584967022,0.00046991511654138044,0.0005089594768872946,0.0005510551125586518,0.0005963889488081581,0.0006451567348514679,0.0006975629672688044,0.0007538207588161747,0.0008141516461410235,0.0008787853296881218,0.0009479593389196662,0.0010219186158680435,0.001100915009999772,0.0011852066774039741,0.0012750573774373726,0.0013707356601686282,0.0014725139382755494,0.0015806674374658578,0.0016954730200211734,0.0018172078767084874,0.001946148083066077,0.00208256701695207,0.0022267336352430897,0.002378910608685091,0.0025393523151252696,0.00270830269268841,0.002885992955898104,0.003072639179277815,0.003268439754593379,0.003473572729612049,0.0036881930380484327,0.003912429632238859,0.00414638253202575,0.0043901198053323005,0.004643674497949469,0.004907041532117561,0.00518017459552556,0.005462983044316961,0.005755328845502044,0.006057023585729746,0.006367825574542753,0.006687437070897434,0.007015501661772632,0.0073516018210982755,0.0076952566761485305,0.00804592000736931,0.00840297850711224,0.008765750324121302,0.009133483925475121,0.009505357317908117,0.009880477687841609,0.010257881545299087,0.010636535491140468,0.011015337767689481,0.011393120795110073,0.01176865493198967,0.012140653717735253,0.012507780843762304,0.012868659047129468,0.01322188101434356,0.013566022221884206,0.013899655432733419,0.014221366338976683,0.014529769627843272,0.014823524598807505,0.015101349415258848,0.015362033161429055,0.015604445093073297,0.01582754079006636,0.016030365289088286,0.01621205363087637,0.016371829535909117,0.01650900307769913,0.0166229682355806,0.016713201092727496,0.01677925923855149,0.01682078268605059,0.016837496368047676,0.016829214062165435,0.01679584342851642,0.016737391730829748,0.01665397174935416,0.016545807378455485,0.016413238428976053,0.016256724219998978,0.016076845639222515,0.015874305464202966,0.015649926852238948,0.015404650006308633,0.015139527092553019,0.014855715513987853,0.014554469639879197,0.014237131065990064,0.013905117459315811,0.013559910042736722,0.013203039813336183,0.012836072663856788,0.012460593677663494,0.012078190971607394,0.011690439543204038,0.011298885618155494,0.010905031981759579,0.010510324716112327,0.010116141667377083,0.009723782851872365,0.009334462893826598,0.008949305484467592,0.008569339769041048,0.008195498507693208,0.007828617816743245,0.0074694382757266465,0.0071186071791293866,0.00677668171646796,0.0064441328772003505,0.006121349895226514,0.0058086450692318315,0.0055062588180189755,0.005214364852815449,0.004933075370248261,0.00466244618949473,0.004402481774602647,0.004153140097932079,0.003914337313111908,0.0036859522159771395,0.0034678304798993658,0.0032597886580331644,0.0030616179495812886,0.0028730877305281014,0.002693948851675987,0.0025239367084809797,0.002362774088320587,0.0022101738015984644,0.002065841103620174,0.0019294759145516835,0.0018007748450597624,0.0016794330354706686,0.0015651458164928481,0.0014576101997405076,0.001356526206469077,0.001261598043086687,0.0011725351321311842,0.0010890530074924517,0.0010108740827081716,0.0009377283011621834,0.000869353676964877,0.000805496735193104,0.0007459128600134191,0.0006903665590093749,0.0006386316517848367,0.000590491390625773,0.0005457385206784454,0.0005041752867485736,0.00046561339345033327,0.0004298739250423204,0.00039678723088603995,0.0003661927820567777,0.0003379390042321127,0.0003118830915844459,0.00028789080601474237,0.00026583626568854753,0.000245601726474928,0.00022707735954638424,0.00021016102807448343,0.00019475806565294652,0.00018078105879768656,0.0001681496356119401,0.00015679026246388157,0.00014663605030340292,0.00013762657204325514,0.000129707692246474,0.00012283141019576787,0.00011695571727003682,0.00011204446941703489,0.00010806727538793024,0.00010499940128767476,0.0001028216918931495,0.00010152050909748135,0.0001010876877521984
38,0.00011649192599711748,0.00011700006434689767,0.00011852771971732004,0.00012108462289358982,0.00012468702452440378,0.00012935774389831906,0.00013512623676019254,0.00014202868168988457,0.00015010808441849157,0.00015941439930273002,0.000170004667014145,0.00018194316732503244,0.00019530158568591805,0.00021015919208881156,0.00022660303049507996,0.0002447281168756507,0.0002646376436635641,0.00028644318815407825,0.0003102649221053042,0.0003362318194927617,0.0003644818590547223,0.0003951622179326009,0.00042842945236334543,0.0004644496610206672,0.0005033986262316169,0.0005454619279176827,0.0005908350247292762,0.0006397232964639921,0.0006923420414880148,0.0007489164225230687,0.0008096813538257096,0.0008748813224798271,0.0009447701362559275,0.0010196105902718336,0.001099674044529051,0.0011852399043078235,0.0012765949953925308,0.00137403282617818,0.0014778527288885298,0.0015883588724264046,0.0017058591397855847,0.0018306638634887128,0.0019630844131827787,0.0021034316303273418,0.0022520141058532278,0.002409136297751912,0.002575096486777323,0.0027501845698000805,0.002934679691845618,0.003128847719467578,0.0033329385598508407,0.0035471833318985744,0.003771791397527974,0.004006947263472267,0.004252807366052828,0.0045094967536325374,0.004777105683772256,0.005055686154460273,0.005345248391129845,0.0056457573134627015,0.005957129008108701,0.006279227235311072,0.0066118599988507,0.006954776209515572,0.007307662472253765,0.0076701400261067875,0.008041761863890861,0.008422010055586487,0.008810293296100669,0.009205944695632037,0.00960821983112576,0.01001629508275782,0.010429266293016508,0.010846147810727133,0.011265872020485113,0.011687289509794526,0.012109170089159186,0.01253020494784646,0.012949010288817842,0.013364132824637906,0.013774057512904291,0.014177217845003927,0.014572008859636172,0.014956802826533132,0.015329967247695229,0.01568988448807188,0.01603497203269362,0.016363702143216034,0.01667461961742587,0.01696635647684222,0.017237642717279934,0.017487312714272084,0.01771430740938082,0.017917672925324632,0.01809655667280905,0.018250202242491957,0.01837794438696868,0.018479205209425944,0.01855349235005762,0.018600399578169936,0.01861960982830083,0.018610900409694563,0.018574149890753098,0.018509346015080475,0.01841659393569004,0.018296124049413953,0.018148298766691207,0.017973617656023635,0.017772720548777717,0.017546388363516414,0.017295541585396725,0.017021236484756383,0.016724659251931263,0.01640711824866337,0.016070034537367283,0.01571493077530701,0.015343418490212922,0.014957183725081091,0.014557971078147809,0.014147566273334711,0.013727777556930928,0.013300416389296993,0.012867278040794043,0.012430122772137285,0.011990658263974798,0.011550523865214442,0.011111277079315285,0.010674382534963715,0.010241203521718869,0.009812996032068769,0.009390905147542188,0.00897596353802462,0.008569091805208264,0.00817110038642627,0.007782692737550468,0.0074044695278881936,0.007036933602041925,0.0066804954904188755,0.006335479279118466,0.006002128679413568,0.005680613165520407,0.00537103407574721,0.005073430595709212,0.004787785562715352,0.004514031047568675,0.004252053683995111,0.004001699726990743,0.003762779829912041,0.003535073536521044,0.003318333488832767,0.0031122893548653136,0.002916651482593365,0.002731114287833719,0.00255535938467735,0.0023890584676068216,0.0022318759547368438,0.0020834714017864135,0.0019435016964980479,0.0018116230433023457,0.0016874927481043763,0.0015707708131483611,0.0014611213519961298,0.0013582138347249283,0.0012617241735011428,0.0011713356587080787,0.0010867397557888557,0.0010076367729026986,0.0009337364093796876,0.0008647581947932498,0.0008004318282514734,0.0007404974272400362,0.0006847056950350683,0.0006328180153489299,0.0005846064824818428,0.0005398538748342739,0.0004983535791958568,0.0004599094727733184,0.0004243357694588905,0.0003914568363781656,0.0003611069862978009,0.00033313025102375956,0.0003073801404840589,0.00028371939176971605,0.00026201971200649185,0.00024216151855021038,0.00022403367964133635,0.00020753325832101725,0.000192565262101336,0.00017904240059702037,0.00016688485306389379,0.00015602004755018006,0.0001463824531493902,0.00013791338664670687,0.00013056083467316454,0.0001242792923220001,0.00011902961903773207,0.00011477891245916757,0.00011150040078094595,0.00010917335409270403,0.0001077830150587699,0.00010732054921275127
39,0.0001236823343122041,0.00012422553028177996,0.00012585862812982792,0.00012859216878923684,0.00013244375746211188,0.00013743811884774494,0.00014360717397229376,0.000150990138122427,0.00015963363923123227,0.00016959185590201438,0.00018092667408240722,0.00019370786121574522,0.0002080132564972332,0.0002239289756475881,0.00024154962838510445,0.0002609785465273029,0.00028232802038444,0.0003057195408184134,0.00033128404403151796,0.0003591621558199324,0.0003895044316770222,0.00042247158876219996,0.0004582347253634701,0.0004969755230776802,0.0005388864265144416,0.0005841707949009011,0.0006330430195291058,0.0006857286005505783,0.0007424641761897972,0.0008034974970264505,0.0008690873375934967,0.0009395033371630983,0.0010150257612552423,0.0010959451751150228,0.0011825620201755772,0.0012751860843666228,0.0013741358570557578,0.0014797377594338084,0.0015923252412888378,0.00171223773536795,0.0018398194609129358,0.001975418068485197,0.0021193831188760738,0.0022720643897378595,0.0024338100045738394,0.002604964379896192,0.002785865987700091,0.002976844931910582,0.0031782203391336698,0.0033902975658807464,0.0036133652264306714,0.0038476920476395904,0.004093523559296304,0.004351078631039711,0.004620545869390424,0.004902079891081613,0.005195797491576835,0.005501773730394166,0.0058200379575551915,0.006150569808053153,0.006493295193553154,0.00684808232241119,0.00721473778027707,0.007593002703720574,0.007982549078152245,0.008382976188503036,0.008793807246549162,0.009214486212644306,0.009644374822774386,0.010082749825963171,0.010528800434872376,0.01098162599778739,0.011440233917700922,0.011903537878659528,0.012370356494633906,0.01283941257301661,0.013309333280197786,0.013778651601360516,0.014245809584613122,0.014709163927909056,0.015166994477580834,0.015617516129546696,0.016058894432607333,0.0164892648761603,0.01690675541680211,0.01730951131075325,0.017695720859457267,0.01806364035062396,0.018411616378222632,0.018738103896859523,0.01904167879558051,0.019321044407685922,0.019575032123534696,0.01980259703139388,0.02000281013803061,0.02017484908124689,0.020317989268733978,0.020431597084091924,0.020515126292092137,0.02056811818299864,0.020590205436803198,0.020581119237039903,0.020540698848652596,0.020468902690397018,0.02036581986002989,0.0202316810898958,0.020066868207026564,0.01987192133690524,0.019647543315327875,0.01939460104032207,0.019114123769700002,0.018807298597730844,0.018475463475974296,0.018120098151583056,0.017742813292516143,0.017345337900664497,0.01692950494947661,0.016497235090869835,0.016050518305264747,0.015591393530310742,0.015121926566355122,0.01464418685154884,0.014160223944282492,0.013672044677745729,0.013181591930464377,0.012690725801792091,0.012201207740437975,0.011714687907151147,0.011232695810284809,0.010756634064703586,0.010287774998526613,0.009827259761890268,0.009376099564052155,0.00893517866610484,0.008505258775397552,0.008086984516948004,0.007680889691897031,0.007287404070415558,0.006906860504369302,0.006539502181922099,0.006185489880864778,0.005844909108840486,0.0055177770461725005,0.005204049230395613,0.004903625940859004,0.00461635825715683,0.004342053777061163,0.004080481988573368,0.003831379297190625,0.0035944537140010294,0.00336938921322398,0.0031558497696924583,0.002953483087854752,0.0027619240344149342,0.002580797786933469,0.002409722710718252,0.0022483129762534046,0.0020961809293030768,0.0019529392257266786,0.0018182027429657801,0.0016915902801123931,0.001572726058435599,0.0014612410342156146,0.0013567740356971118,0.0012589727359130951,0.0011674944730351014,0.001082006929765938,0.0010021886831017201,0.0009277296355477509,0.00085833133857781,0.000793707218780992,0.0007335827167486898,0.0006776953483223545,0.0006257946973569911,0.0005776423486632241,0.0005330117692796498,0.0004916881457043935,0.00045346818418731915,0.0004181598806586316,0.0003855822663514724,0.00035556513467059766,0.0003279487543706295,0.0003025835736392036,0.0002793299192353517,0.00025805769441368824,0.0002386460789718,0.00022098323439242323,0.0002049660167137926,0.0001904996994507117,0.00017749770860482324,0.00016588137154428397,0.00015557968129935462,0.00014652907760986312,0.00013867324587148443,0.0001319629349585779,0.0001263557947501213,0.00012181623405021077,0.00011831529947375678,0.00011583057575947973,0.00011434610787417932,0.00011385234518260393
40,0.0001312158975396044,0.00013179612019739305,0.00013354058702450092,0.0001364607071315255,0.00014057553746258533,0.0001459118451838107,0.0001525041945208675,0.00016039505752987875,0.00016963494812560266,0.00018028257852042485,0.0001924050370455738,0.0002060779861299806,0.00022138587900048792,0.0002384221934378879,0.0002572896806749074,0.0002781006272532864,0.00030097712736626507,0.00032605136289908594,0.0003534658880428105,0.0003833739149954659,0.00041593959687930037,0.00045133830359422075,0.0004897568858963613,0.0005313939225388182,0.0005764599448412654,0.0006251776325695807,0.0006777819745097909,0.0007345203866176025,0.0007956527801215465,0.0008614515714614906,0.0009322016254632423,0.0010082001226936568,0.0010897563415196798,0.0011771913450208235,0.0012708375625904364,0.0013710382558204126,0.0014781468581109938,0.0015925261773969237,0.0017145474514483822,0.0018445892454048676,0.0019830361815470704,0.002130277491819535,0.0022867053842983566,0.002452713215664467,0.002628693462803848,0.0028150354879187545,0.0030121230930039954,0.0032203318612224648,0.003440026284604849,0.003671556679597556,0.0039152558942857005,0.004171435813616655,0.0044403836716332854,0.004722358182579499,0.005017585505743529,0.00532625506202799,0.0056485152234392825,0.005984468899912751,0.006334169051044516,0.006697614153252781,0.0070747436554429435,0.007465433458120952,0.007869491451705785,0.008286653149053747,0.008716577444381453,0.009158842525354207,0.009612941956805721,0.010078280943593698,0.010554172767575812,0.01103983538201032,0.011534388139878548,0.012036848636455006,0.012546129668048423,0.013061036355708596,0.01358026356099019,0.014102393833022548,0.014625896268227913,0.015149126823369604,0.015670330776215893,0.016187648142622635,0.016699122892445625,0.01720271671381475,0.01769632781555321,0.018177814810454,0.018645025107108318,0.019095826532408103,0.01952814024726985,0.01993997256763365,0.020329443187367912,0.020694807553788705,0.02103447172020184,0.02134699882079333,0.021631107318410846,0.021885662264485867,0.022109661782367958,0.022302221586132577,0.022462560416158725,0.022589988830037336,0.022683902997338586,0.022743784228388103,0.022769204113027696,0.022759834475955042,0.02271546091203818,0.022635998432294524,0.02252150768840253,0.02237221031002684,0.02218850205697038,0.021970962745385306,0.02172036225076175,0.021437662304110407,0.02112401422939341,0.020780753130613727,0.020409389232444314,0.0200115970565984,0.019589202894360544,0.019144170695789338,0.018678586157045013,0.01819463857079921,0.017694600002662285,0.017180801600419106,0.0166556072827721,0.016121385567434476,0.015580480731998829,0.015035184729051337,0.014487711244275924,0.013940173022552488,0.013394563185875294,0.01285274084116153,0.012316420914465057,0.011787167894326399,0.011266393023050087,0.010755354418091953,0.01025515960671182,0.009766769989795055,0.009291006797691462,0.00882855815228717,0.008379986900884569,0.007945738937151952,0.007526151771726196,0.007121463159411857,0.006731819630604817,0.006357284810863943,0.005997847443932791,0.005653429059757263,0.005323891250267036,0.005009042532275309,0.004708644789368782,0.004422419293757722,0.0041500523153901216,0.0038912003298157477,0.0036454948388525807,0.003412546819512334,0.0031919508172499585,0.0029832886997001257,0.002786133086866186,0.0026000504733863553,0.0024246040581198712,0.002259356295933717,0.0021038711862589694,0.0019577163127333687,0.0018204646480474353,0.0016916961379507109,0.0015709990782338534,0.001457971298362149,0.001352221165278909,0.0012533684207085968,0.0011610448650585157,0.0010748949007374177,0.0009945759473761707,0.0009197587410494915,0.0008501275291613872,0.0007853801721750779,0.0007252281628471298,0.0006693965730726202,0.0006176239378712674,0.0005696620854515912,0.0005252759216891317,0.0004842431767529624,0.0004463541210189166,0.000411411256824144,0.0003792289920510382,0.0003496333009835541,0.00032246137735901623,0.0002975612840463725,0.000274791603319428,0.00025402109126211733,0.00023512833944294622,0.00021800144662738346,0.000202537702959771,0.00018864328873938793,0.00017623298963744417,0.0001652299299515373,0.0001555653252697725,0.00014717825571647968,0.00014001546077328222,0.00013403115651112503,0.00012918687592864507,0.0001254513329678365,0.00012280031066717642,0.00012121657381310544,0.00012068980636086764
41,0.00013910007976405958,0.00013971936510562592,0.00014158132921812674,0.00014469831050258885,0.00014909092001276042,0.00015478811177514377,0.00016182728071655446,0.00017025438766837462,0.00018012411075027927,0.00019150002225887822,0.0002044547899961155,0.00021907040176615192,0.00023543841154567577,0.00025366020558908857,0.0002738472864649069,0.0002961215727312583,0.00032061571164500476,0.0003474734019594976,0.000376849723499254,0.0004089114698052747,0.0004438374797220268,0.00048181896334650404,0.0005230598172819923,0.0005677769236355945,0.0006162004266713271,0.0006685739804826061,0.0007251549604830832,0.0007862146309379531,0.000852038260175061,0.0009229251745336694,0.0009991887415371154,0.0010811562722237425,0.0011691688320497149,0.0012635809493003116,0.0013647602095270908,0.001473086724182264,0.0015889524613651883,0.00171276042644655,0.0018449236803118416,0.0019858641830858177,0.0021360114514826973,0.00229580101839158,0.00246567268397096,0.002646068548407209,0.002837430817604852,0.0030401993744346525,0.0032548091097796238,0.003481687009496983,0.003721248995560045,0.003973896522058796,0.00424001292941776,0.004519959563126542,0.004814071666458419,0.005122654060055464,0.005445976624856573,0.005784269608597728,0.0061377187799652256,0.0065064604583493215,0.006890576450903342,0.007290088932072976,0.007704955303638987,0.008135063075201593,0.008580224805354277,0.009040173141810088,0.009514555993593589,0.010002931859247902,0.01050476532125712,0.011019422698678671,0.011546167828718933,0.012084157926993279,0.012632439461301902,0.013189943973458766,0.013755483808852942,0.0143277477757091,0.014905296865505815,0.01548656032756159,0.01606983259999036,0.016653271838636755,0.0172349010223399,0.017812612798231722,0.018384179302636666,0.018947268082383197,0.019499464884674536,0.02003830344631986,0.020561301522083228,0.021066001369544653,0.021550011976651566,0.02201104973736578,0.022446974214522512,0.022855816041297355,0.023235794734424546,0.02358532513291183,0.023903012404103825,0.024187637102926603,0.024438133345259155,0.024653564225856368,0.02483309880981177,0.024975994370700447,0.025081586325188893,0.025149286887370417,0.02517859214894979,0.025169096280333696,0.025120510909508516,0.025032687439044393,0.02490564003015221,0.024739567137383907,0.024534869761292856,0.024292164979137592,0.024012293829101063,0.02369632326360971,0.02334554258054697,0.022961455329536196,0.022545767997660116,0.02210037670470798,0.021627352709293036,0.021128926883469238,0.020607472655676466,0.02006548646211359,0.01950556466223831,0.018930376246189717,0.018342631416094796,0.017745047033251422,0.01714031070054812,0.01653104565922047,0.015919778620317935,0.015308912184787929,0.014700702814925061,0.014097244620392649,0.013500458673035698,0.012912087228057373,0.012333692085919435,0.011766656321184399,0.011212188669563803,0.010671329956382642,0.01014496104210385,0.009633811842912973,0.00913847105535259,0.008659396275973055,0.00819692426250573,0.007751281133593921,0.007322592349872745,0.006910892359736047,0.0065161338279270085,0.0061381963938664024,0.005776894929516718,0.005431987284060156,0.005103181515467377,0.004790142617975309,0.0044924987603902865,0.004209847053725993,0.003941758868604352,0.003687784723606162,0.00344745876576155,0.0032203028639243665,0.0030058303351025036,0.00280354932307041,0.0026129658478682145,0.002433586544147306,0.0022649211057765893,0.0021064844536761427,0.001957798643480557,0.0018183945293303904,0.0016878131998213134,0.0015656072018822224,0.0014513415680840257,0.0013445946625826974,0.0012449588605607893,0.0011520410756430267,0.0010654631493202632,0.00098486211592206,0.0009098903561346443,0.0008402156514734205,0.0007755211514946505,0.0007155052648774413,0.0006598814848333412,0.0006083781586152443,0.0005607382102082413,0.0005167188246002786,0.0004760911013570308,0.000438639684569395,0.0004041623756087959,0.00037246973451932443,0.00034338467530010725,0.00031674205978874065,0.0002923882943488942,0.00027018093309329996,0.000249988290937654,0.0002316890693812406,0.0002151719975456266,0.00020033549067242958,0.00018708732798344792,0.0001753443515396042,0.000165032187497215,0.00015608499094892688,0.00014844521535000753,0.0001420634073662218,0.00013689802783489622,0.00013291529940359423,0.00013008908129870717,0.00012840077157684097,0.00012783923712279274
42,0.00014734179907029796,0.0001480022483840835,0.00014998803500577168,0.00015331249086904947,0.00015799788876425907,0.00016407552142660414,0.00017158581172852755,0.00018057845343366201,0.00019111258179836993,0.0002032569731233275,0.0002170902721592771,0.00023270124605543997,0.00025018906330371313,0.0002696635958743336,0.0002912457424569879,0.00031506777041332654,0.0003412736737106745,0.0003700195437407802,0.0004014739495303837,0.0004358183234211908,0.0004732473478348737,0.0005139693382438289,0.0005582066169409556,0.0006061958716426764,0.0006581884923705377,0.0007144508794405503,0.0007752647147494968,0.0008409271878883444,0.00091175116794047,0.0009880653111437878,0.0010702140939196612,0.0011585577601078442,0.0012534721706074672,0.0013553485430227966,0.001464593068364482,0.001581626391379389,0.0017068829406937675,0.0018408100946759732,0.0019838671687783657,0.0021365242101267436,0.0022992605853141774,0.0024725633477494075,0.0026569253715331936,0.0028528432397137687,0.003060814875928219,0.0032813369098915676,0.003514901768968161,0.0037619944901654866,0.004023089249339153,0.004298645607194403,0.004589104474812882,0.004894883804915045,0.00521637401887194,0.005553933183579156,0.00590788195666307,0.006278498323052428,0.006666012150642306,0.007070599597493033,0.007492377407577796,0.007931397136262982,0.00838763935008035,0.008861007847340247,0.009351323945900592,0.009858320880833797,0.010381638346481864,0.010920817203070003,0.011475294346595099,0.012044397711989455,0.012627341345245395,0.013223220444731723,0.013831006243525668,0.014449540595627714,0.015077530155599234,0.015713540121531724,0.016355987661635308,0.017003135374381473,0.01765308543699899,0.01830377545388063,0.018952977378289035,0.019598301176066694,0.02023720503535538,0.020867013795091933,0.02148494676670812,0.022088155198822925,0.022673768322168733,0.02323894541240838,0.02378093000521421,0.024297101736647973,0.024785021474617936,0.025242466181042165,0.02566745076554678,0.026058234937141565,0.026413314254553524,0.026731396745833996,0.02701136920193177,0.027252259265896764,0.02745319990996252,0.0276134019004148,0.02773213795270432,0.027808740071822022,0.027842609534831187,0.027833237419195557,0.027780232632748533,0.027683354012965927,0.02754254310221184,0.027357954522686308,0.0271299813474372,0.026859273445681536,0.026546747531131846,0.026193588630108084,0.025801243823512118,0.02537141011018563,0.024906018749418137,0.02440721828086935,0.02387735763954356,0.0233189696143731,0.022734753665658282,0.022127556180753807,0.021500345960521083,0.020856183301487512,0.020198182365284964,0.019529468170513386,0.018853130943809908,0.018172181298296095,0.01748950959169481,0.016807851970961407,0.016129764386691576,0.015457604679644264,0.014793521995773336,0.01413945235680835,0.013497119123485354,0.01286803720150891,0.012253520033884746,0.011654688618792444,0.011072481954061408,0.010507668431341712,0.009960857793372944,0.009432513337871738,0.008922964110571186,0.0084324168828334,0.00796096775757182,0.007508613290581128,0.00707526105182609,0.006660739582108822,0.006264807724739189,0.005887163329867205,0.005527451341861576,0.00518527128855018,0.004860184196273992,0.004551718957430251,0.004259378178224079,0.003982643534285377,0.003720980661075805,0.0034738436049268,0.0032406788593365883,0.003020929009957657,0.002814036010612409,0.002619444111725085,0.0024366024617610855,0.0022649674016078864,0.0021040044712887637,0.001953190147939789,0.0018120133335690115,0.0016799766107241413,0.001556597283795529,0.0014414082232549273,0.0013339585296631709,0.0012338140337632292,0.0011405576484055523,0.0010537895874310383,0.0009731274659673123,0.0008982062958827581,0.0008286783893979205,0.0007642131830844941,0.0007044969936974277,0.000649232716494931,0.0005981394759131307,0.000550952237684847,0.0005074213907326255,0.0004673123064310122,0.0004304048821272907,0.00039649307513773435,0.00036538443280108746,0.00033689962357480544,0.00031087197360400726,0.000287147012678855,0.0002655820330231904,0.00024604566392518004,0.00022841746482839517,0.00021258753914769714,0.0001984561707567144,0.0001859334848104821,0.00017493913431569164,0.00016540201363951285,0.0001572599999535677,0.00015045972343973038,0.00014495636693637152,0.00014071349557479728,0.00013770291684331716,0.00013590457141799458,0.00013530645501209473
43,0.00015594735297058275,0.0001566511307184222,0.0001587672556427079,0.00016231012061402233,0.00016730377310204318,0.0001737820039376254,0.00018178847104231277,0.00019137685757518482,0.00020261106377169664,0.00021556543156044762,0.00023032500083873856,0.00024698579606350626,0.0002656551415680328,0.0002864520037440567,0.0003095073579310559,0.0003349645775271455,0.0003629798424770455,0.0003937225638999298,0.000427375821191944,0.00046413680747333427,0.0005042172787473844,0.0005478440015970847,0.0005952591936654943,0.0006467209505475927,0.0007025036520662022,0.0007628983402143202,0.0008282130603238676,0.0008987731562705313,0.0009749215097513658,0.001057018712882892,0.0011454431625709449,0.0012405910643096185,0.0013428763322873947,0.0014527303719281944,0.0015706017302900654,0.0016969555991035517,0.0018322731546768802,0.0019770507184500965,0.0021317987216718255,0.0022970404575296706,0.002473310604119724,0.0026611535019255765,0.0028611211700269213,0.003073771046107391,0.0032996634365147284,0.0035393586641765647,0.0037934139041212096,0.004062379698720111,0.00434679614757591,0.00464718877023876,0.004964064043646366,0.005297904620341896,0.005649164238109036,0.006018262336641911,0.006405578402191915,0.0068114460667368214,0.007236146994006951,0.007679904590541703,0.008142877585627442,0.008625153529149814,0.00912674226054869,0.009647569404370369,0.010187469947164744,0.010746181945029031,0.011323340398910066,0.011918471313628573,0.012530985924602285,0.01316017503274729,0.013805203334803904,0.01446510357910588,0.015138770326789527,0.015824953073241475,0.01652224850794657,0.017229091790310593,0.01794374692072647,0.01866429660741637,0.019388632469250065,0.020114446943479112,0.020839228819694897,0.02156026479167573,0.02227464966362247,0.022979307697995097,0.0236710268845636,0.024346506540161968,0.025002416665460755,0.025635465220260452,0.026242467625522948,0.0268204122159554,0.027366516389284685,0.027878269907759736,0.028353462580202986,0.02879019313997994,0.029186856398357056,0.029542108815287814,0.02985481786941086,0.03012400457719948,0.03034878938612381,0.030528350015784658,0.030661896868289833,0.03074866827296289,0.030787944700013586,0.03077907865944264,0.030721535540793467,0.03061494011005518,0.030459123553804514,0.03025416657775384,0.03000043485330042,0.029698603923509283,0.029349671706934487,0.02895495825363631,0.028516094328369834,0.02803500213242722,0.027513872360031555,0.026955141493867366,0.026361471885894737,0.025735735116697536,0.025080996858863617,0.02440049958516375,0.023697638689289566,0.022975928478223804,0.022238956913318488,0.02149033100897783,0.0207336173092571,0.019972283131170793,0.0192096440242019,0.018448821357125198,0.017692711737126027,0.016943967922119108,0.016204989567144043,0.015477921644340153,0.014764658467279649,0.014066851630203662,0.013385920608267456,0.012723065131972671,0.012079278709490883,0.011455362836108198,0.010851941530848884,0.01026947590619124,0.009708278528263881,0.009168527372378877,0.008650279225034916,0.008153482427412477,0.0076779888945400065,0.007223565376904229,0.006789903956587599,0.006376631788350871,0.005983320108408577,0.0056094925412122024,0.005254632738589179,0.004918191387148303,0.004599592619799489,0.004298239866182356,0.004013521175212709,0.0037448140411562706,0.003491489762835774,0.0032529173639001263,0.0030284671006005955,0.0028175135822525827,0.0026194385285046176,0.00243363318666141,0.0022595004315765985,0.002096456570001257,0.0019439328707053824,0.0018013768411454139,0.0016682532709017756,0.0015440450615343251,0.0014282538618854543,0.0013204005271921827,0.0012200254196471877,0.0011266885672763143,0.0010399696971820278,0.000959468158346343,0.0008848027483022234,0.0008156114570794224,0.0007515511409193136,0.0006922971373433532,0.0006375428322605794,0.0005869991889192415,0.0005403942476535531,0.0004974726045547698,0.00045799487641134896,0.00042173715851976734,0.0003884904812685621,0.00035806027074523986,0.0003302658180099496,0.000304939761121517,0.00028192758349021596,0.00026108713166652183,0.00024228815525459987,0.00022541187126155025,0.0002103505548562681,0.0001970071582127205,0.0001852949588488531,0.0001751372386414294,0.00016646699449600737,0.0001592266814770465,0.00015336798905287913,0.0001488516509810328,0.00014564728924825233,0.0001437332923836576,0.00014309672837995168
44,0.00016492234151279395,0.0001656716726929996,0.00016792483437735796,0.00017169735095583268,0.00017701516286524162,0.00018391472600335422,0.00019244315037020255,0.0002026583773842337,0.0002146293951432333,0.000228436490707428,0.0002441715382716303,0.0002619383218615796,0.00028185289093370243,0.00030404394697437483,0.00032865325888156564,0.00035583610456572283,0.00038576173582535527,0.0004186138631335496,0.000454591156512467,0.0004939077581717544,0.0005367938020421732,0.0005834959347463583,0.0006342778319136882,0.000689420703065549,0.0007492237775712125,0.0008140047634043492,0.0008841002696179515,0.0009598661826044194,0.001041677985322212,0.001129931007756829,0.0012250405959496613,0.0013274421859831504,0.0014375912683667004,0.0015559632273394685,0.0016830530387109731,0.0018193748090191007,0.0019654611380218426,0.0021218622858820285,0.002289145125885548,0.002467891863189309,0.002658698499965546,0.0028621730274378593,0.003078933325737947,0.0033096047532990133,0.0035548174086909115,0.003815203049441149,0.004091391654519149,0.004384007619827907,0.004693665579278397,0.0050209658478388075,0.00536648948736107,0.005730793000984415,0.006114402667476771,0.006517808532958902,0.006941458084003871,0.0073857496330351526,0.007851025454150435,0.008337564714814876,0.008845576256046385,0.009375191280340792,0.009926456011965788,0.010499324397277585,0.011093650911694803,0.011709183532522883,0.012345556919913325,0.013002285818428386,0.013678758645808569,0.0143742311719267,0.015087820111110022,0.0158184963620189,0.016565077545850945,0.0173262194400633,0.01810040591500268,0.0188859370957684,0.01968091573290774,0.020483232204895403,0.021290549200716467,0.02210028791047963,0.02290961839850443,0.023715457591557312,0.024514478759895715,0.025303136224805546,0.026077708016369067,0.02683435713785123,0.027569209007664176,0.028278439060625847,0.028958361664727462,0.029605511288752107,0.030216710129223164,0.03078912071239453,0.0313202824525302,0.03180812695448565,0.03225096350403864,0.03264743064147458,0.03299642108795232,0.033296995272829276,0.03354829964648113,0.033749502713120355,0.033899757159359306,0.03399819159435579,0.034043930726480084,0.034036138997758286,0.03397408034715137,0.03385718594042272,0.03368512210464087,0.03345785189258036,0.03317568504729451,0.032839312169503206,0.03244982009540097,0.032008687792473275,0.03151776546822696,0.030979242730919166,0.030395613199297535,0.029769642458810974,0.029104343999187265,0.02840296428646419,0.027668973996573226,0.026906058608597537,0.026118099615283098,0.025309139027857877,0.024483324488948147,0.02364483808211003,0.022797816303243852,0.0219462706762364,0.02109401799158485,0.020244626437916875,0.01940137988970178,0.018567258982127844,0.01774493551359354,0.016936776250048254,0.01614485276974085,0.015370954917972007,0.01461660631139901,0.013883080965623684,0.013171420505263633,0.012482451612701782,0.011816803456227992,0.011174924872592466,0.010557101101825173,0.00996346990077411,0.009394036898984236,0.008848690102094756,0.008327213488140146,0.007829299676628779,0.0073545616769294265,0.006902543741169413,0.0064727313586043535,0.006064560434818846,0.005677425701718335,0.005310688404382532,0.004963683309458833,0.004635725077577306,0.004326114039735956,0.004034141415038033,0.003759094004746607,0.0035002583954560594,0.003256924702307472,0.0030283898815949718,0.002813960640795464,0.0026129559729605113,0.002424709341484366,0.0022485705404537122,0.002083907255043813,0.0019301063457110913,0.0017865748792110499,0.0016527409287193512,0.001528054164537922,0.0014119862560198287,0.0013040311044453536,0.001203704925631002,0.0011105462000603767,0.001024115507300643,0.0009439952604214585,0.000869789355076139,0.0008011227468485791,0.0007376409694244941,0.0006790096051214531,0.0006249137183172767,0.0005750572613578172,0.0005291624616087758,0.000486969197446686,0.00044823437016494876,0.00041273127800421026,0.000380248997803827,0.00035059177911316404,0.00032357845499775777,0.000299041873225028,0.0002768283510157482,0.0002567971560989176,0.00023882001640669753,0.00022278066039001834,0.00020857438962147343,0.00019610768507714296,0.00018529784824988565,0.0001760726780401699,0.00016837018419344252,0.00016213833790209404,0.00015733486006204542,0.0001539270475656607,0.00015189163792093155,0.00015121471240859017
45,0.00017427158838190422,0.00017506875534346937,0.00017746582535117236,0.0001814795280730894,0.00018713782054482082,0.00019447999828940788,0.0002035568503520898,0.00021443085770152904,0.00022717643427071755,0.0002418802097161411,0.00025864135275939265,0.0002775719337378339,0.00029879732472669774,0.00032245663530087586,0.0003487031816773108,0.0003777049866152749,0.0004096453070488472,0.00044472318598074085,0.00048315402467656056,0.0005251701706611078,0.0005710215164312294,0.0006209761031609785,0.0006753207229829386,0.0007343615126833193,0.0007984245308473024,0.0008678563096352047,0.0009430243714602963,0.001024317699877562,0.0011121471529825454,0.0012069458065654356,0.0013091692131743,0.0014192955621216106,0.0015378257243312998,0.0016652831647839678,0.0018022137041936465,0.0019491851104629998,0.0021067864994421277,0.0022756275235918267,0.002456337326363624,0.0026495632395008703,0.0028559692000885073,0.0030762338640907614,0.003311048393377948,0.0035611138939218275,0.003827138484001601,0.004109833972977436,0.004409912133520147,0.004728080553192485,0.005065038055007639,0.005421469681078053,0.005798041238728959,0.006195393414481349,0.006614135468080897,0.00705483852621178,0.007518028503614811,0.00800417868793362,0.008513702033619525,0.009046943219463732,0.00960417053351843,0.010185567657831237,0.010791225432691709,0.011421133684516683,0.012075173200778517,0.012753107926152377,0.013454577431898955,0.014179089670228715,0.01492601396194721,0.01569457407568751,0.016483841141210084,0.017292726005500837,0.018119970507251733,0.01896413704483139,0.019823595791768366,0.02069650903118911,0.021580812400975653,0.022474193421549382,0.023374068548786993,0.024277561134642436,0.02518148398274763,0.02608233143276706,0.02697628673690556,0.027859250438692286,0.028726894047192565,0.029574740162413064,0.030398265302721897,0.031193015666330256,0.03195472109718008,0.032679392807406796,0.03336339922646825,0.03400352615048583,0.03459702742001005,0.03514165760318498,0.03563566348836533,0.03607771795072648,0.03646680800689057,0.03680210476054869,0.037082841170650055,0.03730821607662731,0.03747733626291962,0.0375892021290427,0.037642735840365774,0.037636844778495875,0.03757050913452989,0.03744288099101521,0.03725338293597481,0.037001796581179275,0.03668833386949802,0.03631368502958419,0.035879037779536466,0.03538606579994466,0.03483689088641613,0.0342340290837793,0.033580333769400575,0.03287894776734131,0.03213327301149638,0.03134696064023707,0.030523916947528054,0.0296683126900254,0.028784578473673626,0.027877371231274657,0.02695150626746285,0.026011861025888514,0.02506326385030918,0.024110383414481663,0.023157633397559295,0.022209102765311576,0.021268514772798557,0.020339211112863295,0.01942415423655088,0.018525940765160703,0.017646820596110356,0.016788718333935224,0.01595325529424308,0.015141771344637178,0.014355346356201233,0.013594821216752165,0.012860818364157676,0.012153761749016785,0.011473896094438092,0.010821305309886873,0.01019592993492608,0.009597583525460378,0.009025967937049996,0.008480687497779664,0.007961262092418504,0.007467139199254338,0.006997704932278363,0.006552294146430995,0.006130199664484552,0.00573068068251224,0.005352970407963157,0.0049962829808968354,0.00465981972539241,0.004342774774800587,0.004044340111489729,0.0037637100591079403,0.003500085263147202,0.0032526761937245064,0.003020706202937921,0.002803414167850523,0.0026000567490362123,0.0024099102936256077,0.0022322724108618398,0.0020664632472693952,0.001911826487619655,0.0017677301069208002,0.0016335668976537694,0.0015087547954147776,0.0013927370250102723,0.0012849820878886363,0.0011849836105945143,0.0010922600727082937,0.001006354431497842,0.0009268336592748872,0.0008532882082266049,0.000785331416295081,0.000722598866513124,0.0006647477110826837,0.0006114559704086656,0.0005624218162816093,0.0005173628474414662,0.00047601536485435104,0.0004381336531962378,0.00040348927426277594,0.0003718703773124604,0.00034308103070033373,0.00031694057856960936,0.0002932830258369738,0.00027195645423127755,0.00025282247172199,0.00023575569730000686,0.00022064328274582311,0.00020738447273523867,0.00019589020438708868,0.0001860827471473882,0.00017789538372613983,0.00017127213265330022,0.00016616751289548425,0.00016254635087142709,0.00016038363011859397,0.00015966438379226192
46,0.00018399906035567045,0.00018484639903332546,0.00018739441073097307,0.00019166110730745915,0.0001976765913374326,0.00020548318006958905,0.00021513557844787383,0.00022670110065873154,0.00024025993949045084,0.00025590548259595567,0.0002737446745341885,0.0002938984232237204,0.0003165020491716413,0.00034170577553745347,0.00036967525675196466,0.00040059214303150663,0.00043465467770470835,0.0004720783237991326,0.0005130964158150721,0.0005579608320405138,0.0006069426821317292,0.0006603330039953002,0.0007184434632570856,0.0007816070477894084,0.0008501787488877703,0.0009245362197413495,0.0010050804008268374,0.001092236100773067,0.0011864525200958448,0.0012882037039913061,0.0013979889091067482,0.001516332867887332,0.0016437859327353896,0.0017809240808299754,0.0019283487590559625,0.002086686547107998,0.0022565886154949717,0.002438729953912723,0.002633808344322231,0.0028425430521222123,0.00306567320810298,0.0033039558534858414,0.003558163620370914,0.003829082020424433,0.004117506315727534,0.004424237947476303,0.004750080500759366,0.005095835187028595,0.005462295830191815,0.005850243347546066,0.0062604397230632755,0.006693621477834755,0.007150492650742198,0.007631717311585658,0.008137911638873545,0.008669635605159529,0.009227384324074071,0.009811579124885013,0.010422558432266561,0.011060568540443728,0.011725754381000875,0.012418150390558106,0.013137671585167694,0.013884104938048538,0.014657101129889442,0.015456166688842617,0.016280656452709347,0.017129766162707668,0.018002524835539335,0.018897786366212727,0.019814219609978794,0.02075029601776794,0.021704273816583963,0.022674177815536812,0.023657774275258458,0.024652541001723857,0.025655633995186986,0.02666385362575034,0.027673615324316964,0.028680931869708035,0.02968141594350715,0.030670311901136955,0.031642563817688,0.03259292217396824,0.03351608377212527,0.03440684899223123,0.03526027021558201,0.036071764381257906,0.036837183925653084,0.03755287437497526,0.03821574794901558,0.03882336028546057,0.03937392910249704,0.03986624317942622,0.04029948986051645,0.04067305845332031,0.04098636016741326,0.04123868686309991,0.04142912320718803,0.04155652144707486,0.04161953920870442,0.04161673083792568,0.04154667571004374,0.04140812377746721,0.041200139370960336,0.04092222902793513,0.04057444474075841,0.04015745389145813,0.03967256491700947,0.039121702605148176,0.03850734023395676,0.03783240714670775,0.0371001943884352,0.03631427919819298,0.0354784840340347,0.03459687737592979,0.033673810203583836,0.032713965385536406,0.03172238548810521,0.03070444777683271,0.029665775556399054,0.028612101458620712,0.027549108004062635,0.026482269975391822,0.02541672043275544,0.024357158421964772,0.023307803425493028,0.022272388478436028,0.021254178083426514,0.02025599818288493,0.019280269658628238,0.018329040995311262,0.01740401858434632,0.016506594632218513,0.015637873182646273,0.014798694786035058,0.01398966015838745,0.013211152951458086,0.012463361595787998,0.011746300100919135,0.01105982768827212,0.010403667164444776,0.009777421990359473,0.009180592047268182,0.008612588135513735,0.00807274526419305,0.007560334801243083,0.007074575557078015,0.0066146438737422885,0.006179682787885979,0.005768810331198305,0.005381127027103431,0.005015722637965461,0.004671682212960362,0.00434809148321553,0.0040440416477888295,0.0037586335915170905,0.0034909815736465753,0.0032402164243893598,0.003005488285050019,0.0027859689260577233,0.0025808536760481044,0.002389362994005965,0.002210743715355965,0.0020442700017389817,0.0018892440230151154,0.0017449963987795868,0.0016108864253637097,0.0014863021129253146,0.001370660055822046,0.0012634051580203854,0.001164010233838081,0.0010719755028631142,0.000986827996452888,0.0009081208918063166,0.0008354327882304138,0.0007683669389017425,0.0007065504501595382,0.0006496334591677179,0.000597288299651819,0.0005492086643572305,0.0005051087718886117,0.0004647225446777209,0.00042780280398760454,0.00039412048709402,0.00036346389108817743,0.0003356379471159401,0.0003104635283046089,0.0002877767941260714,0.0002674285735008905,0.00024928378855809625,0.0002332209206261674,0.0002191315197379708,0.00020691975868228213,0.00019650203242292877,0.00018780660352960102,0.00018077329411804726,0.00017535322467783618,0.00017150860006935346,0.00016921254289448682,0.00016844897438391494
47,0.00019410778552450604,0.00019500768106599155,0.0001977138164902364,0.00020224556586869263,0.00020863531149119247,0.00021692858187652306,0.00022718424448846304,0.00023947475264059784,0.00025388644590005553,0.00027051990310801967,0.0002894903469193082,0.0003109280985203025,0.00033497908090996276,0.00036180536881849515,0.0003915857829884055,0.0004245165261491704,0.00046081185757560167,0.0005007048026272135,0.0005444478931175806,0.0005923139337548899,0.0006445967892237487,0.0007016121857399648,0.0007636985201007187,0.0008312176683686397,0.0009045557853663655,0.00098412408511508,0.0010703595912236333,0.0011637258450221777,0.0012647135579347745,0.0013738411931994536,0.0014916554605738696,0.001618731706114559,0.001755674177495721,0.0019031161436514855,0.00206171984580131,0.002232176255175818,0.0024152046110326865,0.0026115517108816757,0.0028219909232785,0.0030473208921654765,0.003288363900612686,0.003545963861040082,0.0038209838986846987,0.004114303495334782,0.004426815161309376,0.004759420605446399,0.005113026375601817,0.005488538945976193,0.0058868592325747576,0.006308876524350109,0.006755461825114055,0.007227460610135681,0.007725685011419023,0.008250905456887118,0.008803841800974408,0.00938515399732693,0.009995432378322722,0.01063518762084833,0.011304840493014938,0.012004711491806753,0.012735010495933494,0.013495826569186374,0.014287118053427637,0.01510870308078486,0.015960250603017374,0.016841271971651913,0.01775111299388458,0.01868894622672065,0.01965376305128011,0.02064436479723751,0.02165935188722068,0.022697109688434566,0.023755789566791245,0.024833283640118324,0.025927192054375072,0.027034782421067098,0.028152942532560017,0.029278129763308812,0.03040632367016223,0.03153299187011922,0.03265308238291411,0.03376105681637655,0.034850976480248375,0.03591664672485408,0.03695181302056891,0.03795038445374825,0.0389066368561285,0.03981533563849374,0.04067176376988704,0.04147174217237075,0.042211739596818065,0.042889058821150766,0.043501939395660244,0.044049418820251,0.04453104765142036,0.04494659096412048,0.04529577198315795,0.04557807122912827,0.04579259469811121,0.04593802809749031,0.04601268368023696,0.04601462930393437,0.04594187615338353,0.04579259410212814,0.045565322543005736,0.045259154581834764,0.04487388837869979,0.04441013490560085,0.04386935748016758,0.04325382443589118,0.04256648790050298,0.04181082399249466,0.04099067356662677,0.04011011797049417,0.03917341828308986,0.03818503578214085,0.03714972806388725,0.036072680414121226,0.03495960343510158,0.03381672890657057,0.03265067976972142,0.031468261841071904,0.030276230995387905,0.02908106813434395,0.02788878563813019,0.026704800981027704,0.025533889023134325,0.02438019565316977,0.02324728503157191,0.022138197452498485,0.02105550468287485,0.02000135787272862,0.018977527846750174,0.017985439469233477,0.017026202047086013,0.01610063730787884,0.015209305883745397,0.014352532705417502,0.013530431360215934,0.012742927294709418,0.011989779701927598,0.01127060196801749,0.010584880616865643,0.009931992753248846,0.009311222051429889,0.00872177336398504,0.008162786038180858,0.007633346029423236,0.007132496897749479,0.006659249767274088,0.0062125923218561705,0.005791496903982246,0.0053949277783187765,0.005021847616655733,0.004671223256984639,0.004342030786139876,0.004033259992679422,0.0037439182343887174,0.0034730337628591816,0.0032196585459249704,0.002982870627249512,0.002761776060959595,0.0025555104578658177,0.0023632401784360805,0.0021841632062711727,0.0020175097343504353,0.001862542494765473,0.0017185568610450733,0.0015848807505061823,0.0014608743523597588,0.0013459297055747512,0.001239470148777083,0.0011409496627514486,0.0010498521244384268,0.0009656904896922737,0.0008880059204977696,0.000816366870847304,0.0007503681440592393,0.0006896299329807519,0.0006337968532660658,0.0005825369787560235,0.0005355408869075644,0.0004925207212311594,0.0004532092767888048,0.00041735911398238577,0.0003847417051190143,0.000355146617572824,0.00032838073676782,0.0003042675316796251,0.0002826463650910544,0.00026337185043298183,0.00024631325669347226,0.00023135396258014656,0.00021839096086876363,0.0002073344136605967,0.00019810725909800503,0.00019064486994736283,0.00018489476434702394,0.00018081636893118067,0.00017838083447432738,0.00017757090415166152
48,0.0002045997707353579,0.00020555465249439282,0.00020842622730758096,0.00021323531452068992,0.00022001671543684346,0.00022881936667741757,0.00023970655442030053,0.0002527561890292771,0.0002680611394219112,0.0002857296263363679,0.00030588567344562965,0.0003286696150260184,0.00035423865861137366,0.00038276750075018893,0.00041444899362600405,0.00044949485989692194,0.0004881364526537357,0.0005306255568832351,0.0005772352282491643,0.00062826066436323,0.0006840201030076339,0.0007448557409837654,0.0008111346663937679,0.0008832497962073724,0.0009616208099202724,0.0010466950689670294,0.001138948510305784,0.0012388865012389837,0.0013470446410697072,0.0014639894936137,0.0015903192328915055,0.0017266641825139319,0.0018736872273520644,0.0020320840740593988,0.002202583334904263,0.0023859464071997903,0.0025829671184212,0.002794471104923857,0.0030213148900835353,0.0032643846257526784,0.003524594459261828,0.0038028844869115357,0.0041002182541331755,0.004417579762399638,0.004755969943704754,0.005116402565176649,0.005499899529319365,0.005907485539653653,0.006340182107296397,0.006799000881387188,0.007284936295299131,0.007798957531254397,0.008341999818230915,0.00891495509176424,0.009518662059258852,0.010153895730587507,0.010821356491007577,0.011521658811775923,0.0122553197133115,0.013022747116083795,0.01382422823457275,0.01465991818711938,0.015529829004340929,0.01643381921291063,0.0173715841382504,0.018342646994334327,0.01934635069521254,0.020381850116534657,0.021448104247886575,0.022543867311547554,0.023667677501827546,0.02481784156725368,0.025992413091333308,0.027189162139244175,0.028405534091443974,0.029638596222581366,0.030884972253205297,0.032140768128962244,0.033401496976542405,0.03466201729133462,0.03591650453429063,0.03715847973906049,0.03838091635380401,0.039576436934452563,0.040737595225838794,0.04185721310558341,0.042928690099398426,0.04394613743176215,0.04490426259280944,0.045798248324928556,0.046623911924384726,0.04737816435699285,0.048059359410070016,0.04866701713938516,0.04920130221216438,0.04966257600879609,0.05005105902597231,0.0503665616930645,0.05060828761177355,0.05077474671342035,0.0508638031096289,0.05087285162622198,0.05079909261439705,0.05063985616056602,0.050392914609585934,0.05005674288346107,0.04963074039709659,0.049115409142316324,0.04851242775107513,0.047824564491584086,0.04705545898568893,0.04620934527513994,0.04529078229189209,0.04430444437603211,0.04325502163401337,0.04214727167539604,0.04098622563590444,0.039777482153705024,0.03852745586613024,0.03724342267684197,0.035933286194394065,0.03460522744900295,0.03326736877578819,0.03192746982413086,0.03059263733818278,0.029269139992561304,0.027962363842310413,0.026676869479620245,0.025416493390849376,0.02418445199082825,0.022983429140872834,0.021815643611597407,0.020682900169323715,0.01958662963941934,0.018527922501806505,0.017507559101066626,0.01652603818053584,0.015583604437167286,0.014680275177551464,0.013815865869177737,0.012990014319293879,0.012202203272615342,0.011451781319445374,0.010737982099860084,0.010059941857020499,0.009416715430858591,0.008807290798599448,0.008230602269311448,0.007685542433129439,0.00717097295676208,0.00668573430794858,0.006228654483727015,0.005798556810937805,0.005394266882177288,0.005014618686207435,0.004658459988401083,0.0043246570139787695,0.004012098484428064,0.0037196990554666607,0.003446402203109612,0.0031911826027360935,0.0029530480444436647,0.002731040926366868,0.0025242393659781473,0.0023317579676558763,0.0021527482829858655,0.0019863989983611124,0.001831935882471792,0.001688621524252315,0.0015557548897973277,0.0014326707246976632,0.0013187388262038693,0.0012133632076204621,0.0011159811753871701,0.0010260623374296206,0.0009431075595734556,0.0008666478851217835,0.0007962434311024792,0.000731482273202809,0.0006719793300258566,0.0006173752560261048,0.0005673353513087803,0.0005215484954066137,0.00047972611117503867,0.0004416011640685587,0.0004069272012725185,0.0003754774344610782,0.0003470438693288001,0.0003214364844948179,0.0002984824618999202,0.0002780254704028771,0.00025992500392784176,0.00024405577521461545,0.0002303071659729734,0.0002185827340362549,0.00020879977794324286,0.0002008889592463661,0.00019479398274392906,0.00019047133476002076,0.00018789007954370384,0.0001870317138248702
49,0.00021547591876948174,0.00021648825464052623,0.00021953270110285002,0.00022463160878211317,0.00023182234225617394,0.00024115745015040226,0.00025270490284765837,0.00026654839736893195,0.000282787728824456,0.00030153922765697723,0.00032293626169394577,0.0003471298017888451,0.0003742890495588943,0.00040460212541205384,0.00043827681469577474,0.00047554136938826304,0.0005166453622851143,0.0005618605901047558,0.0006114820213397557,0.0006658287840120094,0.0007252451877420105,0.0007901017737094732,0.0008607963851575862,0.0009377552500688954,0.0010214340665094348,0.001112319079891098,0.0012109281400318923,0.0013178117243910082,0.0014335539122121701,0.0015587732925167173,0.0016941237869409057,0.0018402953663059591,0.0019980146375440616,0.002168045275183866,0.0023511882690379366,0.002548281957054896,0.002760201809537296,0.00298785992813535,0.003232204220279445,0.0034942172071063234,0.0037749144205855368,0.004075342343610901,0.004396575845458942,0.004739715064429323,0.005105881689888023,0.005496214597563001,0.005911864795029483,0.006353989639094195,0.006823746293444849,0.007322284403624375,0.007850737977197113,0.008410216469878974,0.00900179509328488,0.009626504376595789,0.010285319032624753,0.010979146198290627,0.011708813140387629,0.012475054540011042,0.01327849949347131,0.014119658394226502,0.01499890988861714,0.015916488125341705,0.016872470538725447,0.01786676640852461,0.01889910640894016,0.019969033277063977,0.02107589357442543,0.02221883026459859,0.023396775471594276,0.024608442316714926,0.025852314171189997,0.027126629043474133,0.028429356201038578,0.029758161596470115,0.03111035838558243,0.03248283910799334,0.033871987556668134,0.03527357196015796,0.03668262791462286,0.03809334985638943,0.03949902191211546,0.04089202759050527,0.042263975976820745,0.04360596716963184,0.044909000461568156,0.04616450895797061,0.0473649147271786,0.04850383121693426,0.04957554346280014,0.05057444990108672,0.05149524894743948,0.0523340799268427,0.053089634759319576,0.0537623716587128,0.05435345245523382,0.05486411751338378,0.05529532257515948,0.05564741174090151,0.05591981938401831,0.056110897103642435,0.05621793530259405,0.05623739064311076,0.056165290134396625,0.05599773839430269,0.055731394574751875,0.055363816259578744,0.05489377428217874,0.05432157228148857,0.05364921436233252,0.05288024071572957,0.05201932482423334,0.05107179578692679,0.050043189851943795,0.04893889725261822,0.04776398487605509,0.046523286029120675,0.045221790469084824,0.043865247535913636,0.04246075531812842,0.04101695050272786,0.03954347115549158,0.03805028553265104,0.03654724748979294,0.03504377717770133,0.03354838455150527,0.03206835756322784,0.030609733451974402,0.029177448818431,0.027775541196168315,0.026407328279990726,0.025075540761327827,0.023782412388565818,0.022529740135891048,0.021318926852164192,0.020151015136488107,0.01902671760671053,0.017946446083041023,0.016910340522183893,0.015918297616430155,0.0149699985964489,0.014064935738361244,0.013202437203312645,0.012381690010744595,0.01160176109713977,0.010861616514409193,0.010160138876837027,0.009496143185013527,0.008868391153877803,0.008275604161283319,0.00771647492050848,0.0071896779683367764,0.006693879050850981,0.006227743481864279,0.005789943543470435,0.005379164994027696,0.004994112745597346,0.00463351577015713,0.004296131291608948,0.003980748318559017,0.003686190570958345,0.0034113188518630692,0.0031550329137373678,0.002916272866823083,0.0026940201751054745,0.002487298283297035,0.0022951729160406442,0.002116752088212251,0.0019511858628042246,0.0017976658904217998,0.0016554247619578084,0.0015237352035560997,0.0014019091405605131,0.001289296654799365,0.0011852848572961538,0.0010892966963421899,0.0010007897188282603,0.000919254800818409,0.0008442148615640929,0.0007752235735030686,0.000711864079263693,0.0006537477252993553,0.0006005128205055981,0.0005518234270192103,0.0005073681893586141,0.00046685920713221147,0.00043003095570975057,0.0003966392585148963,0.00036646031394867824,0.00033928977938708585,0.00031494191420562386,0.0002932487833631034,0.0002740595227204791,0.0002572396669724417,0.00024267054082423726,0.00023024871384844494,0.00021988551930105082,0.00021150663705808603,0.00020505174074853167,0.00020047420910142635,0.00019774090149061915,0.00019683199764496053
50,0.00022673594581369268,0.00022780823588777185,0.0002310330837830303,0.0002364344602296499,0.0002440524420980533,0.00025394340070051944,0.000266180265046975,0.00028085285966670604,0.000298068316465704,0.00031795155992403874,0.0003406458647438932,0.0003663134848315284,0.0003951363522303132,0.0004273168443117987,0.00046307861717231923,0.0005026675027683073,0.0005463524668487131,0.0005944266242017009,0.0006472083071188032,0.0007050421822861878,0.0007683004105322682,0.0008373838429855696,0.0009127232462177278,0.0009947805478541395,0.0010840500929184791,0.0011810598998255532,0.0012863729034373243,0.0014005881709362052,0.0015243420744342586,0.001658309402213097,0.0018032043882643368,0.0019597816373637046,0.0021288369202563514,0.0023112078106556095,0.0025077741326702038,0.0027194581839960347,0.0029472246967748223,0.003192080494490591,0.003455073799729346,0.003737293144179586,0.004039865829047318,0.004363955881279319,0.004710761448849222,0.005081511577112957,0.005477462308164106,0.0058998920465196236,0.006350096137657141,0.006829380611214872,0.007339055048329189,0.007880424542830616,0.008454780738944822,0.009063391943703028,0.009707492330243697,0.010388270268234568,0.011106855839370239,0.011864307619047795,0.01266159882998578,0.01349960300035137,0.01437907928900653,0.015300657674928735,0.01626482424687916,0.017271906870575313,0.018322061547080253,0.019415259794796594,0.020551277368511776,0.021729684546856236,0.022949838046306816,0.024210874330015963,0.025511703655896337,0.026851003645205325,0.028227210456382972,0.029638504828944943,0.031082789321163838,0.03255765200147221,0.034060310726510085,0.03558753126451628,0.03713551282427948,0.03869973790111808,0.04027479243918411,0.041854179302341886,0.04343017154902196,0.044993772940845306,0.046534853830010096,0.04804249912638027,0.04950557499570967,0.05091357397486042,0.05225778141113586,0.05353189638022419,0.05473040261973339,0.05584677541203491,0.056873473942533545,0.057804731736913695,0.05864029464121167,0.05938253339129433,0.060034160107268815,0.06059758690105356,0.06107477519531056,0.06146689497620416,0.0617738469272416,0.061993906239575444,0.06212364709506776,0.06215819943064119,0.06209184543915122,0.061918872055577744,0.061634356413437286,0.06123452106288356,0.060717127958538154,0.06008210771201865,0.059332000596754454,0.05847160582128549,0.057507204977737,0.05644575216569493,0.05529416214564352,0.05405873370486965,0.052744819521269276,0.051356927668375935,0.04989936153819212,0.04837735918809473,0.04679849559483124,0.04517342102222937,0.04351433360741801,0.04183349534629273,0.04014282695804984,0.03845399364768348,0.03677742057968608,0.035121644693501756,0.03349334781065032,0.031897719834362535,0.030338850037909645,0.028820025466963023,0.02734392206170004,0.02591271490672824,0.02452813997907852,0.023191531919743984,0.0219038525510458,0.020665717536205948,0.01947742409530158,0.018338980254026718,0.01725013496369352,0.016210408083224537,0.015219119303215144,0.014275415368263055,0.013378295254618195,0.012526633201254925,0.011719199647654013,0.010954680209888993,0.010231692851347117,0.009548803399383859,0.008904539542159692,0.008297403421275797,0.007725882920244817,0.0071884617373872,0.006683628323862499,0.006209883762191791,0.005765748656867818,0.005349769105817047,0.0049605218191554855,0.00459661844962047,0.0042567091971145886,0.003939485747867778,0.003643683606738852,0.003368083879086183,0.0031115145564037257,0.002872851357524821,0.0026510181746411364,0.002444987170682051,0.0022537785717776466,0.002076460195621864,0.001912146753601602,0.0017599989616040696,0.0016192224914978485,0.0014890667924382568,0.001368823808404399,0.0012578266157573903,0.001155448002134135,0.0010610990056704507,0.0009742274313879352,0.0008943163595831606,0.0008208826592245068,0.0007534755176874981,0.0006916749966382882,0.0006350906224999188,0.0005833600186994112,0.000536147585787321,0.0004931432345366961,0.00045406117625702684,0.0004186387737925507,0.00038663545600522574,0.0003578316979631796,0.0003320280685581514,0.0003090443468533959,0.0002887187081100352,0.0002709069801485559,0.00025548197046697035,0.00024233286435226508,0.00023136469408155698,0.00022249787920852117,0.0002156678378639822,0.0002108246689621106,0.00020793290519064567,0.0002069713366703175
51,0.00023837829983332898,0.00023951306935790907,0.00024292592482116936,0.00024864254854581124,0.000256705883210301,0.00026717633991763694,0.0002801320891974317,0.00029566943462418346,0.0003139032686112555,0.0003349676097922006,0.0003590162212232083,0.0003862233084271651,0.0004167842960455774,0.00045091668156383065,0.0004888609642221733,0.0005308816468134712,0.0005772683075928805,0.0006283367389774427,0.0006844301490879568,0.0007459204214733977,0.0008132094275508331,0.0008867303853814276,0.0009669492573747108,0.0010543661783564608,0.0011495169041363888,0.0012529742692548467,0.001365349640955759,0.0014872943546071686,0.0016195011137510587,0.001762705335689551,0.0019176864209843733,0.002085268922441376,0.002266323586056062,0.0024617682330003317,0.0026725684480355632,0.002899738035758135,0.003144339201855803,0.0034074824121380427,0.003690325877593529,0.003994074609254005,0.004319978982379199,0.004669332745641789,0.005043470407852624,0.005443763932640179,0.005871618670744953,0.006328468460606383,0.00681576983112687,0.007334995246312376,0.007887625340289124,0.008475140103262585,0.009099008994436168,0.009760679976631076,0.010461567488969429,0.01120303939789784,0.01198640299237098,0.012812890115753327,0.01368364155514361,0.014599690839595683,0.015561947634384555,0.016571180961829548,0.017628002532062453,0.01873285052802429,0.01988597425025411,0.021087420072535445,0.0223370191637631,0.023634377361781984,0.024978867406588473,0.026369623423618992,0.027805537075550522,0.02928525416924006,0.030807169711184496,0.0323694184198942,0.03396985642328891,0.03560602809019705,0.0372751094441409,0.03897381647712987,0.040698264036619955,0.04244376187339245,0.04420454443960697,0.04597345687022274,0.047741664267336,0.04949850271004651,0.051231605009776984,0.052927349457504935,0.05457155109943716,0.05615058932167057,0.05765404855834946,0.05907744270756995,0.060417366001363416,0.06166649075971233,0.06281231188855876,0.06384337841801108,0.06476323189871709,0.06557831865730718,0.06629353542441122,0.06691257380212592,0.06743864299106385,0.06787416662996071,0.0682199337885846,0.06847436713880559,0.06863319258032713,0.06868962423800115,0.068635224542884,0.06846148929637176,0.0681613841111113,0.06772928390503988,0.06716126309863923,0.0664564627329352,0.0656184011615416,0.06465404316952328,0.06357221365656762,0.06238228400436422,0.061093152188095856,0.059712372540048776,0.058245537411371284,0.05669625771096401,0.05506695901725617,0.053360741946479676,0.05158474983528676,0.04975332645997837,0.047882941099869555,0.04598853520800057,0.044083891139742176,0.042184057850199644,0.04030241984042207,0.038449104443421665,0.036631297239138605,0.03485413788614129,0.0331214767700906,0.0314363499412988,0.02980122926736092,0.02821813491266042,0.026688679286122067,0.025214085121548074,0.023795199096824045,0.022432509447087554,0.02112616946032847,0.019876025866653345,0.018681650151023063,0.01754237078728559,0.016457304801376967,0.015425387618925169,0.014445400655505636,0.013515996480603852,0.01263572161372126,0.011803037118949571,0.011016337193317311,0.010273965931842703,0.009574232425107796,0.008915424318168424,0.008295819938737011,0.0077136990886308016,0.0071673525840244175,0.006655090625169438,0.006175250073360778,0.00572620071098444,0.005306350558866063,0.004914150323544152,0.004548097045369805,0.004206737016419155,0.0038886680350626694,0.0035925410616503392,0.003317061337138391,0.0030609890236090592,0.002823139422541003,0.0026023828234082603,0.0023976440317648035,0.0022079016224617358,0.002032186960099513,0.001869583025291977,0.0017192230818617133,0.0015802892167398846,0.0014520107811429915,0.0013336627585701765,0.0012245640823259198,0.0011240759226350792,0.001031599960984698,0.0009465766670991552,0.0008684835919274373,0.0007968336881859721,0.0007311736683479587,0.0006710824084897272,0.0006161694050848493,0.0005660732906660163,0.0005204604132416667,0.0004790234834480315,0.00044148029262721305,0.0004075725043382854,0.0003770645212219655,0.0003497424286415202,0.0003254130161051741,0.0003039028771308052,0.0002850575879350545,0.00026874096510946555,0.0002548344022795746,0.00024323628562301252,0.0002338614880439561,0.0002266409417582275,0.00022152128903076687,0.0002184646108200785,0.00021744823311770143
52,0.0002504000805020933,0.00025159987213230775,0.00025520839434070824,0.00026125313500535377,0.0002697800603120173,0.00028085384424050895,0.0002945581896408799,0.0003109962406709024,0.0003302910862666951,0.0003525863541932098,0.0003780468950648037,0.00040685955553256524,0.00043923403959862434,0.00047540385673241526,0.0005156273551236187,0.0005601888380048194,0.0006093997605068855,0.0006636000039642271,0.0007231592239571779,0.0007884782676555867,0.0008599906552009114,0.000938164118921861,0.0010235021931074134,0.0011165458458453493,0.0012178751430565672,0.0013281109332951605,0.0014479165401187486,0.0015779994468373736,0.0017191129561944885,0.0018720578049902855,0.0020376837107950407,0.0022168908246881177,0.0024106310603697603,0.0026199092660073903,0.002845784200786555,0.0030893692733466394,0.003351832994124321,0.0036343990881663596,0.003938346209309611,0.004265007190909373,0.004615767762730599,0.004992064658463392,0.0053953830339121215,0.00582725311262992,0.006289245974086016,0.006782968399878818,0.0073100566966011835,0.00787216942029212,0.008470978937488625,0.009108161772103801,0.009785387705836873,0.01050430762233934,0.01126654011126119,0.012073656876545723,0.01292716702277226,0.013828500323187774,0.014778989603639811,0.01577985241002291,0.016832172167222163,0.01793687909036789,0.01909473117925679,0.020306295714582954,0.021571931772279326,0.022891774360024222,0.02426572082526051,0.025693420145003372,0.02717426554157311,0.028707390543954242,0.0302916681227156,0.0319257118788676,0.033607877466709034,0.035336261402414734,0.03710869289322086,0.03892271177307963,0.04077552126915847,0.04266389757133699,0.04458402978364792,0.04653125774291301,0.048499680646129716,0.05048164217122965,0.05246717659327093,0.05444362614111396,0.05639573075853806,0.058306293544338375,0.06015684151718955,0.06192798438368166,0.06360496265841946,0.06519012034283418,0.0666873878389643,0.06809012085867316,0.06937472788610427,0.07050994566086344,0.07151478708844516,0.07240408479978663,0.07318491544408383,0.07386166743892401,0.07443890169965864,0.07492094741451119,0.0753102330995459,0.07560584915823756,0.07580265235676419,0.07589104832264985,0.07585805418637971,0.0756905308898003,0.07537917126012908,0.07491611486955319,0.07429438661078434,0.0735111193199664,0.07257190404849351,0.07148764832650986,0.07027117823055248,0.0689353405886987,0.06749185853335114,0.06595022485957444,0.06431656748585428,0.06259314352760569,0.06077861638113517,0.05887009775573132,0.05687016229272027,0.05480248723804159,0.052691676214123934,0.05055470788052769,0.048404362312744,0.04626229571436204,0.044147317500663204,0.04207158912509515,0.04004226105576093,0.03806372848034558,0.0361390611453825,0.03427069302324456,0.0324606857349702,0.030710789128097462,0.029022426428508385,0.027396666802784637,0.02583420977784423,0.024335386785906635,0.02290017748437117,0.021528236387697793,0.020218925409844393,0.018971348738963133,0.017784387496797577,0.01665673261480205,0.015586915148582575,0.014573333798189442,0.013614279717829794,0.012707958838536372,0.011852511956301957,0.011046032812158369,0.01028658434773292,0.009572213280353232,0.008900963113281443,0.008270885679303501,0.007680051306857952,0.007126557693925205,0.006608537573468498,0.0061241652536955255,0.005671662115917738,0.005249301151930133,0.004855410621489676,0.004488376908625921,0.0041466466532052255,0.0038287282314321625,0.0035331926558508234,0.0032586739619496546,0.00300386914472754,0.002767537704604997,0.0025485008579290893,0.00234564046309491,0.0021578977090615384,0.001984271608843937,0.0018238173364748906,0.001675644442003661,0.0015389149753706757,0.0014128415464991564,0.0012966853456937608,0.0011897541454421881,0.0010914003019798725,0.0010010187724955916,0.0009180451616177988,0.0008419538088152227,0.000772255926556239,0.000708497797484154,0.0006502590374639818,0.000597150930124988,0.000548814837447226,0.0005049206900054695,0.0004651655596772283,0.00042927231693087067,0.00039698837422419165,0.0003680845165529276,0.00034235381978342457,0.0003196106570754038,0.0002996897934416408,0.0002824455682940964,0.0002677511656837998,0.0002554979718481945,0.0002455950196287067,0.0002379685193072711,0.00023256147542800173,0.00022933338921391925,0.0002282600462535989
53,0.0002627969613883611,0.00026406432672178206,0.00026787620242444917,0.00027426197814423096,0.00028327080508511513,0.0002949718486509768,0.000309454642051129,0.000326829540747121,0.00034722827755038506,0.000370804618083912,0.00039773511619225766,0.0004282199687168571,0.00046248396884180406,0.000500777556952663,0.0005433779676310042,0.0005905904710232374,0.000642749706366463,0.0007002211049181799,0.0007634023989115216,0.0008327252124326802,0.0009086567292802293,0.0009917014319030988,0.0010824029044086904,0.0011813456913659904,0.0012891572026784335,0.0014065096531420771,0.0015341220234069718,0.0016727620268901068,0.0018232480647097146,0.001986451147882386,0.0021632967628033104,0.0023547666523724324,0.0025619004809941857,0.0027857973470308715,0.0030276171011072214,0.0032885814229426085,0.003569974603152181,0.0038731439697703464,0.004199499892218701,0.004550515288232369,0.004927724552108126,0.005332721815855252,0.005767158448810826,0.006232739696510621,0.006731220356664359,0.007264399389639351,0.00783411336365107,0.008442228641662131,0.009090632228514688,0.009781221213585043,0.010515890766398531,0.011296520669753543,0.012124960405854694,0.013003012843988443,0.01393241661138977,0.014914827260723683,0.01595179737838777,0.017044755810973443,0.01819498622966552,0.019403605313875406,0.02067154092561928,0.021999510769464135,0.023388002182207046,0.024837253848074982,0.02634724034727643,0.02791766046350852,0.02954793004591134,0.031237179911842747,0.03298425880016385,0.034787740792593204,0.03664593595270799,0.03855690208726409,0.04051845407213059,0.04252816411630114,0.04458334005189312,0.04668095735300834,0.048817503217030885,0.050988670459236274,0.053188826114025256,0.055410201568940956,0.05764186356276808,0.05986880832734375,0.06207194277771104,0.06422959680350648,0.06631850557712253,0.06830794492893287,0.070166469384274,0.0719190658968824,0.073589592876139,0.07517891241486042,0.0766431646349488,0.07787257512814717,0.07895490172247284,0.07991688150146734,0.0807642306345723,0.08149990983395966,0.0821297149825139,0.08266089534163382,0.08309879545751153,0.08344429308907611,0.08369180269842955,0.08382773410652995,0.083830865315718,0.08367894180319449,0.08336254374605157,0.08287215547046387,0.0821946599464918,0.08132102543798922,0.08026231546773087,0.07903704471430928,0.07766407954091141,0.07616079765899972,0.07454269719124852,0.07282256745760354,0.07100842061121707,0.06910188762887812,0.06709637878405539,0.0649767263613382,0.06271448179553302,0.06037229844936021,0.05798979851728456,0.055581265504947144,0.05314432919107013,0.05071957436222342,0.04833686974857952,0.0460102811234748,0.04374524998777422,0.04154396418225147,0.03940778211204848,0.037338024685724815,0.03533608885194628,0.033403335762649713,0.031540944280592134,0.029749799270432434,0.028030428600973066,0.026382981321973316,0.02480723467966031,0.0233026190201433,0.02186825232819407,0.020502978637590933,0.019205406576071452,0.017973945885279008,0.01680684090354636,0.015702200746861877,0.014658026335376577,0.01367223458130705,0.012742680074653286,0.011867174554104515,0.011043504383727379,0.010269446198419834,0.009542780841675686,0.008861305696975092,0.008222845504261805,0.007625261750353776,0.007066460722834063,0.006544400318530525,0.0060570956988437825,0.0056026238844143796,0.005179127380835781,0.004784816925403171,0.004417973442374993,0.004076949291047641,0.003760168887217425,0.0034661287744266445,0.003193397216852986,0.0029406133808938676,0.0027064861675113886,0.0024897927523319127,0.0022893768854269697,0.0021041469977224835,0.0019330741561644413,0.0017751899051709722,0.0016295840275693937,0.0014954022541835894,0.0013718439475206483,0.0012581597816128957,0.0011536494369997542,0.001057659327073453,0.0009695803695482947,0.0008888458146263666,0.0008149291395026231,0.0007473420171577891,0.0006856323659073164,0.0006293824848882162,0.0005782072795537842,0.0005317525802912667,0.0004896935564631984,0.0004517332274847918,0.0004176010719742279,0.00038705173553812077,0.0003598638373701724,0.0003358388755375109,0.00031480023059771004,0.00029659226702210303,0.00028107953179042045,0.0002681460494612695,0.0002576947130062023,0.0002496467697161861,0.00024394140154254605,0.00024053539931455478,0.00023940293037762655
54,0.00027556311513865766,0.00027690060553129964,0.0002809235214108786,0.00028766325240151165,0.0002971722996146581,0.00030952455327888954,0.0003248156814564051,0.00034316362985567777,0.0003647092327159642,0.00038961693467851516,0.00041807562346512036,0.000450299573050954,0.00048652949683928356,0.0005270337101139368,0.0005721094007546406,0.0006220840068430452,0.0006773166993553236,0.0007381999676216197,0.000805161304622932,0.0008786649884803201,0.000959213955655593,0.0010473517604104373,0.0011436646139427855,0.0012487834953121572,0.00136338632475261,0.0014882001882210415,0.0016240036000029277,0.0017716287878546536,0.0019319639824531625,0.0021059556897963317,0.002294610921593507,0.002498999354545099,0.002720255384674284,0.0029595800374897794,0.0032182426886863554,0.0034975825433103498,0.003799009813843813,0.004124006529549323,0.004474126900780364,0.004850997152981051,0.005256314736038152,0.0056918468058676005,0.006159427867086471,0.006660956458932278,0.007198390761971734,0.007773743001456484,0.008389072525419839,0.009046477442814952,0.009748084720157795,0.010496038654973961,0.011292487671010067,0.01213956941292581,0.013039394155179976,0.013994026578149781,0.015005466000790427,0.016075625190774455,0.01720630790021075,0.018399185302702657,0.01965577154669117,0.020977398706946863,0.02236519152806162,0.02382004252203882,0.025342588202546566,0.026933187483781505,0.028591903488478718,0.03031849012365395,0.03211238472150944,0.033972707772339746,0.035898270340902004,0.03788758928668805,0.039938910032512036,0.042050236269593096,0.04421936506294792,0.04644392292930755,0.04872139117757005,0.05104909353112434,0.05342409148931668,0.05584288994909564,0.05830080019039914,0.060790763371543766,0.06330150342631377,0.06581535129708545,0.06830751650307616,0.0707505768477786,0.07312217368768766,0.07537351565865985,0.07739953152723576,0.07930597013156071,0.08115932956796487,0.082990565818058,0.08475663139268169,0.08600346114336563,0.08714312087474815,0.0881746587257059,0.08908883095687231,0.08988379732161761,0.09056650024029887,0.0911485882096905,0.09164026428014456,0.09204648155452938,0.0923630667036666,0.0925717707113764,0.09263565739552287,0.09250870741824559,0.09219424916087818,0.09168498023282362,0.09095431240399995,0.08997132480562636,0.08876554223783009,0.08737055668161024,0.08581323865748552,0.08411551487882489,0.08229703745052898,0.08037650596535134,0.07836740567401916,0.07627560199375415,0.07409854043850105,0.0718281507906851,0.06919383949481601,0.06651504874992642,0.0638319360015257,0.061137097435622886,0.05835059524048455,0.05558662411543609,0.052894454099354095,0.05028552059385623,0.047759117245565474,0.045312614182478804,0.04294434479570358,0.040653922176563925,0.03844184159915147,0.036308997010217815,0.034256302352604184,0.032284450549901256,0.030393786293989738,0.02858425665852926,0.026855409337391473,0.025206417641661438,0.023636118894130424,0.022143057912856423,0.020725530612267264,0.01938162501579765,0.018109258498578463,0.016906211027242005,0.015770154665073834,0.014698679797634746,0.013689318534282877,0.012739565657232318,0.011846897389166808,0.011008788167298266,0.010222725556770638,0.009486223406942627,0.008796833342805028,0.008152154682874481,0.007549842878495025,0.006987616573925439,0.006463263390033857,0.005974644536169223,0.005519698354776628,0.005096442901792076,0.004702977663083272,0.00433748450346592,0.003998227940337613,0.0036835548289064807,0.003391893540491976,0.0031217527095676405,0.0028717196192204796,0.002640458288634949,0.0024267073201813373,0.00222927755779892,0.002047049602700179,0.001878971227053725,0.0017240547212821209,0.001581374205970962,0.0014500629351449279,0.0013293106138289657,0.0012183607493704426,0.0011165080529347928,0.001023095904880393,0.0009375138953420295,0.0008591954492783208,0.0007876155434383717,0.00072228852114912,0.00066276600949098,0.0006086349422912702,0.0005595156914003988,0.0005150603079050438,0.00047495087425796574,0.00043889796775000155,0.00040663923530249194,0.0003779380792057049,0.00035258245316004605,0.00033038376778240207,0.0003111759046112965,0.00029481433757388693,0.0002811753608581161,0.0002701554221580029,0.00026167056032302597,0.0002556559465380754,0.00025206552828306475,0.00025087177546580296
55,0.00028869114243594107,0.0002901012991032656,0.00029434291197987205,0.0003014494705670251,0.0003114769936542406,0.0003245043338506472,0.00034063360411831735,0.0003599907264711698,0.0003827261030129199,0.00040901540946979866,0.00043906051132219846,0.00047309050254778237,0.0005113628668504799,0.0005541647610584771,0.0006018144201226447,0.0006546626828270335,0.0007130946369264294,0.0007775313819426087,0.0008484319072694066,0.0009262950825435441,0.0010116617564173418,0.0011051169589018977,0.0012072922013121297,0.0013188678665109243,0.001440575680585848,0.0015732012552597322,0.001717586688190366,0.001874633205801504,0.0020453038303466058,0.002230626049469741,0.0024316944625200148,0.002649673373217229,0.002885799292877321,0.0031413833122112896,0.0034178132926485786,0.0037165558201659055,0.004039157855721167,0.004387248006644554,0.0047625373328351785,0.005166819590542447,0.005601970805166708,0.006069948053301411,0.006572787323707429,0.007112600317774494,0.007691570043192406,0.008311945051142633,0.008976032168643205,0.009686187585171039,0.01044480616772345,0.011254308902066593,0.012117128390221134,0.013035692374065808,0.014012405299345419,0.015049627978662213,0.01614965545062253,0.017314693160669102,0.01854683160676794,0.019848019606946137,0.021220036372228267,0.022664462633171928,0.024182651199868364,0.02577569755650319,0.02744441140588342,0.0291892904589009,0.031010498141674867,0.03290784716656483,0.03488079097248932,0.03692842483091651,0.03904949801857738,0.04124243812493235,0.04350538859172992,0.04583626100149163,0.048232803753617964,0.0506926870078903,0.053213597743868433,0.055793324108575626,0.05842977647128651,0.06112082941430744,0.06386375084874191,0.06665377614773191,0.06948110406607061,0.07232570137685143,0.07515215365872349,0.07791924233304792,0.08063685713840035,0.08326804400903531,0.08536728822891992,0.08737225666454744,0.08938997661416109,0.09152155071176751,0.09406112143158864,0.09492721816665457,0.09612916637984009,0.09723517653436006,0.09821645100536748,0.09907022073267674,0.09980499198978125,0.10043844196975021,0.10098791852258263,0.10146684537211534,0.10187800792208934,0.10220252387727267,0.10237643330963568,0.10227023459518929,0.10196048405700558,0.1014519795448106,0.10069045410608946,0.09955856673198377,0.09816105093507231,0.09655791973667782,0.0947824106288573,0.09285739040063051,0.09080419127020073,0.08865263970900794,0.08642838575596462,0.0841558080530639,0.08189558857491179,0.07995725494048272,0.0764115616773779,0.07326244242028435,0.07026184672639245,0.0673419672556559,0.06406623966388898,0.060882256757012254,0.05783604026981598,0.05491446466094393,0.052101856298433245,0.049387644448180425,0.04676605388290887,0.04423466239320641,0.041793020597374615,0.03944159897595406,0.037181095492176824,0.03501203922716349,0.032934596544210146,0.03094849909691393,0.029053038908316564,0.027247097849195687,0.02552919297488531,0.023897527217647013,0.022350039538855383,0.02088445148783637,0.019498308939327438,0.01818901889261733,0.016953881787251115,0.015790119983334006,0.014694903022818305,0.013665370157516777,0.012698650483847263,0.011791880906561367,0.010942222076929804,0.010146872410895659,0.009403080278734936,0.008708154458681533,0.00805947295426511,0.00745449028341052,0.006890743353903989,0.006365856043645507,0.005877542605163256,0.00542361001257851,0.00500195936609918,0.004610586464654652,0.0042475816518323835,0.0039111290341117405,0.003599505163721754,0.0033110772714464204,0.0030443011275146166,0.0027977186014812596,0.002569954984862361,0.002359716133346831,0.002165785478772985,0.001987020954808348,0.0018223518744656707,0.00167077579226288,0.0015313553790063687,0.0014032153328451297,0.0012855393463935645,0.0011775671463289488,0.001078591618904299,0.0009879560322434682,0.0009050513640657267,0.0008293137415849688,0.0007602219987086407,0.0006972953542903527,0.0006400912140376948,0.0005882030977158368,0.0005412586924939827,0.000498918032634602,0.0004608718052061952,0.0004268397810932846,0.00039656937026855436,0.00036983430006964945,0.0003464334150766179,0.0003261895971061528,0.0003089488038174735,0.0002945792244545123,0.00028297055132333064,0.00027403336571618175,0.0002676986371385759,0.00026391733486763185,0.000262660151063693
56,0.00030217200554219384,0.00030365734895554007,0.00030812525386399425,0.00031561141090462113,0.00032617552663399157,0.00033990165696120493,0.00035689867432468336,0.00037730086895741916,0.0004012686846469077,0.0004289895894298614,0.0004606790816618017,0.0004965818318614778,0.0005369729606432587,0.0005821594529103683,0.0006324817082807026,0.0006883152274468566,0.0007500724338236729,0.0008182046293994283,0.0008932040831681259,0.0009756062498652022,0.0010659921159391964,0.0011649906687456197,0.001273281483819806,0.001391597423740802,0.0015207274404995287,0.001661519471385103,0.0018148834161481144,0.0019817941805238895,0.0021632947680272157,0.0023604993981769834,0.002574596624879916,0.002806852423494683,0.003058613209006152,0.0033313087406622037,0.0036264548602728324,0.003945656002077098,0.004290607401620012,0.004663096919474927,0.005065006382995992,0.005498312335780976,0.005965086070473389,0.006467492806384185,0.0070077898597955745,0.007588323642574804,0.008211525314999416,0.008879904912916497,0.009596043769278624,0.010362585057687985,0.011182222302771173,0.012057685730424634,0.01299172637043014,0.013987097872820547,0.015046536053146533,0.0161727362331511,0.01736832848337709,0.018635850895206887,0.019977721009754174,0.021396205518723187,0.02289338835117723,0.024471137307587928,0.02613106954374638,0.02787451648274912,0.029702489163351123,0.031615645598676675,0.03361426234411416,0.03569821301377945,0.03786695676033919,0.04011953962478507,0.04245461126337677,0.04487045926558843,0.04736506368093495,0.04993617572827393,0.052581425997258895,0.05529846696435531,0.05808515233167484,0.060939750701898984,0.06386117437468594,0.06684915168662053,0.06990413145677785,0.07302631663574059,0.07621212642665864,0.07944378257406973,0.08266513590554679,0.08576385425286234,0.08887996129101895,0.09235025191988652,0.0940970021761571,0.0961058242346791,0.09820224546913055,0.10036125183709642,0.10253183889819598,0.1042752746966639,0.10597089402000798,0.1071647043703349,0.10820602781099861,0.10911673069014938,0.10990154601580107,0.11058475862880382,0.11119162020451837,0.11175181783676934,0.11228728633704058,0.11280073124374221,0.1132182568931767,0.11305301508397939,0.11273455556847008,0.112270218296582,0.11158349623326666,0.11018534084194861,0.1085227933321562,0.10666524763228744,0.10463618698420023,0.10244857418951056,0.10011263235492857,0.09768316101358096,0.09520399674079229,0.09271838871693946,0.09027891681029823,0.08777180370264182,0.0841376180131052,0.08054103960726858,0.07723770609022237,0.07450697556737526,0.07026759829751392,0.06658442788116992,0.06316175040954075,0.059909253936678536,0.05679053872478855,0.05378752387194159,0.05089110548715859,0.04809741932792619,0.04540548834645572,0.04281562653958886,0.040328465089357446,0.037944437195971965,0.035663548667934586,0.03348530448167307,0.03140871317860743,0.029432327686700118,0.02755430143408294,0.025772448602169568,0.024084302440661072,0.02248716854998139,0.02097817197815907,0.01955429819464186,0.018212428635118506,0.016949371709778904,0.015761890099472847,0.01464672497737995,0.013600617591121253,0.012620328476639797,0.01170265446800246,0.010844443611425737,0.010042608072825743,0.00929413513067888,0.008596096357821308,0.007945655109161388,0.007340072443009906,0.006776711610335844,0.0062530412487286635,0.00576663741687264,0.005315184601762926,0.004896475825474315,0.004508411971613357,0.004149000444055513,0.0038163532624828408,0.0035086846908121304,0.003224308486018661,0.002961634846278599,0.0027191671289224814,0.0024954984005478714,0.00228930787389633,0.0020993572788497324,0.0019244872082086423,0.0017636134728198395,0.0016157234951357886,0.0014798727654099725,0.0013551813804364304,0.0012408306809954515,0.0011360600009282643,0.0010401635379855255,0.0009524873542297769,0.0008724265117739524,0.0007994223479618596,0.0007329598927011979,0.0006725654295078253,0.0006178042008785803,0.000568278257850072,0.0005236244529974386,0.0004835125756586649,0.0004476436278183825,0.00041574823883452124,0.00038758521702850847,0.00036294023607354506,0.0003416246540960026,0.00032347446344363256,0.00030834936916347786,0.0002961319943653085,0.0002867272108168859,0.0002800615933196316,0.0002760829966419623,0.0002747602540375306
57,0.0003159949672607049,0.0003175579858567815,0.00032225968204970077,0.00033013804985185973,0.0003412566553637696,0.0003557050011897489,0.00037359903720078034,0.0003950818181998666,0.00042032430916743685,0.00044952633885925707,0.0004829177025907917,0.0005207594150638132,0.000563345114066816,0.0006110026158035675,0.0006640956224664523,0.0007230255824647038,0.0007882337034324779,0.0008602031177665831,0.0009394611999648109,0.0010265820344365728,0.0011221890317176008,0.0012269576901148558,0.0013416184987059456,0.0014669599762819063,0.0016038318392077003,0.0017531482892262098,0.0019158914098830323,0.002093114657422854,0.002285946428612265,0.0024955936838737267,0.002723345599253236,0.002970577214961769,0.0032387530413933085,0.003529430575496453,0.003844263671039196,0.00418500569555795,0.00455351239456212,0.0049517443698715476,0.005381769063871054,0.005845762125150717,0.006346008013769954,0.006884899686715733,0.007464937186722949,0.008088724941489045,0.008758967566830856,0.009478463958348492,0.010250099454012992,0.011076835857485794,0.011961699131629972,0.012907764605638266,0.013918139587823656,0.014995943336769816,0.01614428440954286,0.017366235466059983,0.01866480564974203,0.020042910673649834,0.02150334071337142,0.023048726152951948,0.02468150117874019,0.02640386521977487,0.02821774235819808,0.03012473914696427,0.032126101827813086,0.03422267475341648,0.036414862816670786,0.03870260168653294,0.041085340344240356,0.0435620405336785,0.046131197260590576,0.048790883864755615,0.051538825612645736,0.05437250826710298,0.05728933046246729,0.06028680615585485,0.06336282280941473,0.06651597576027127,0.06974602874761038,0.07305457224723175,0.07644596190553796,0.07992849788014852,0.08351468030809389,0.08721251702589576,0.09096228160047114,0.09427143874091598,0.09746591752950966,0.10061847016213368,0.10328879972677911,0.10548925429089108,0.10770766724936792,0.10997203407958792,0.11224561925601254,0.11451118913242335,0.11715165222232228,0.11805701876571476,0.11911493735344318,0.12008395454598167,0.12091573595558022,0.12164490449677301,0.1222970171443319,0.1229322479750458,0.12360501392256408,0.12439461602780547,0.12554739952728367,0.12488565654410391,0.12453545804605892,0.12417474696260225,0.12403606614333698,0.12190872929361314,0.1198962775273773,0.11774709725395455,0.11544028302731221,0.1129672723437085,0.11027385745939969,0.10749547003359074,0.10468877124079476,0.10188342904714914,0.09916069808912185,0.09672692434677269,0.09225042084432648,0.08815093056789974,0.08428683652472602,0.08056168671628572,0.07651919948848669,0.07260345535402364,0.06886217038502948,0.06528206343224878,0.0618439158189863,0.05853254374905287,0.055339258278955514,0.052260590152874424,0.049296037833633774,0.046446278000365826,0.043712111982668,0.041093963854438025,0.03859169299594436,0.03620455870885748,0.033931251543799855,0.03176995262780803,0.029718403609617073,0.02777397822405444,0.025933750157461934,0.02419455426273518,0.022553040019061093,0.021005717445016912,0.01954899640656606,0.018179220498192417,0.01689269658382876,0.015685720837283847,0.014554601849470723,0.013495681145502926,0.012505351304781216,0.011580071797338966,0.010716382621759847,0.009910915833218015,0.009160405067510901,0.008461693186884094,0.007811738189773703,0.007207617536958041,0.006646531050980807,0.00612580254512714,0.005642880334021806,0.0051953367712493925,0.004780866951152299,0.004397286702744359,0.004042529993880039,0.003714645853710498,0.00341179491124426,0.0031322456376902657,0.0028743703703586415,0.0026366411863791984,0.002417625685498714,0.0022159827328380203,0.002030458204800841,0.0018598807743692367,0.00170315776580752,0.0015592711033152844,0.0014272733733889018,0.0013062840165238706,0.00119548566036308,0.0010941206034092332,0.0010014874559130373,0.0009169379424636745,0.0008398738690891957,0.0007697442562711926,0.0007060426381451065,0.0006483045272548332,0.0005961050435234308,0.0005490567055612087,0.000506807382033287,0.0004690384005299696,0.00043546281120738405,0.0004058238023782109,0.000379893265220623,0.00035747050482742686,0.00033838109492794193,0.0003224758737746877,0.00030963007888866787,0.0002997426185948449,0.0002927354785477006,0.0002885532617403769,0.0002871628608048675
58,0.0003301475361723868,0.0003317906744011855,0.0003367335293537969,0.00034501650122064275,0.00035670718841163075,0.00037190078511184645,0.0003907206386826648,0.00041331896770666147,0.0004398777416674742,0.0004706097234221011,0.0005057596757570825,0.0005456057334155796,0.0005904609420331881,0.0006406749654196285,0.0006966359625637022,0.0007587726356114993,0.0008275564498626697,0.000903504026534489,0.0009871797086436185,0.001079198299832591,0.0011802279752994803,0.0012909933631467915,0.0014122787934145566,0.0015449317107599295,0.0016898662451385702,0.001848066932867577,0.0020205925780280827,0.002208580241205295,0.0024132493389555443,0.0026359058330074764,0.002877946482904705,0.0031408631294222683,0.00342624696847131,0.003735792766175086,0.004071302955192154,0.004434691540038732,0.004827987725019154,0.0052533391623660495,0.005713014700354895,0.0062094064916317976,0.006745031301063393,0.007322530830565633,0.007944670856355604,0.008614338953053153,0.009334540560728598,0.010108393137714557,0.010939118136872825,0.011830030549731599,0.012784525785305628,0.013806063691459671,0.014898149587011668,0.016064312248851003,0.017308078880777976,0.018632947163779216,0.020042354530690927,0.02153964480193403,0.023128032252717607,0.024810563064625056,0.026590073981771045,0.028469147908390453,0.030450066239225717,0.03253475801160472,0.03472474662174489,0.03702109594938397,0.03942435927682378,0.041934536160552385,0.04455104398396721,0.04727271173623207,0.0500978030264899,0.05302407330989946,0.05604886524677248,0.059169251240744014,0.06238223826599019,0.06568503379794621,0.06907535439153493,0.07255179452893197,0.07611438169480259,0.07976555912347943,0.08351213430864135,0.0873697546173227,0.09137503121764214,0.09562426526131684,0.10041846958619749,0.10363242400337683,0.10685010479737635,0.1101405437612636,0.11373541098483182,0.11565332832711483,0.11798504345612797,0.12042147690307112,0.12285439925957528,0.125291763253055,0.1277414727001202,0.12968781211819422,0.13096169517618042,0.13204001995830478,0.13291134986660533,0.13368800826783456,0.1343471144992452,0.13502311189851307,0.1357745686943319,0.13661131229645332,0.13743227258160248,0.13738291425638663,0.13729842799546438,0.13678438048853042,0.13613470394824642,0.1344049249756514,0.13227730700395693,0.1298433855308584,0.127271164462485,0.124535216434274,0.12134010277321318,0.11812194759041636,0.11491966694694711,0.11167338107003877,0.10836247650328627,0.10486363662968994,0.10057924950694255,0.09618822521948667,0.09185480857535785,0.0875761036010718,0.08326894830828056,0.07905194910832632,0.07497934593650403,0.07106103042121562,0.06728773994468704,0.06364699885856083,0.06013276266171858,0.05674415740417504,0.053482507835085055,0.05034948400634645,0.0473462825542114,0.04447336226768079,0.04173041362580428,0.039116408263655214,0.03662967147475527,0.0342679623157433,0.03202855699491375,0.02990833177321994,0.027903841206278444,0.026011388522706746,0.024227086671907504,0.02254691016863486,0.020966738859928735,0.019482395112004176,0.018089675837890624,0.016784380480606747,0.015562335707410052,0.014419417264056251,0.013351569226738396,0.01235482077325258,0.011425300552020682,0.010559248730197531,0.009753026826093764,0.009003125459777035,0.008306170179602512,0.007658925537893581,0.007058297595909533,0.006501335038154901,0.005985229071004053,0.005507312272305601,0.00506505654839929,0.0046560703436755915,0.004278095235954192,0.003929002038871783,0.00360678652037448,0.0033095648344906494,0.0030355687519882358,0.0027831407644574647,0.0025507291259475847,0.0023368828866388593,0.0021402469642281645,0.00195955729079136,0.0017936360658675136,0.00164138714036872,0.0015017915506118343,0.0013739032172353678,0.0012568448199366234,0.0011498038557663597,0.0010520288860758269,0.0009628259750514077,0.0008815553210275638,0.0008076280803777788,0.0007405033826909407,0.0006796855350994275,0.0006247214129941604,0.0005751980339065016,0.0005307403110282581,0.0004910089826553252,0.0004556987137580673,0.0004245363658862504,0.00039727943169507596,0.0003737146305206418,0.0003536566616289341,0.00033694711200449095,0.0003234535158265351,0.00031306856309576083,0.00030570945521879705,0.000301317405724745,0.00029985728467453357
59,0.000344615419011601,0.00034634106475628585,0.00035153227627352657,0.0003602319628387444,0.000372511928156589,0.00038847330328448777,0.00040824715382579567,0.00043199526246926416,0.0004599110882257226,0.0004922209039620214,0.0005291851140508261,0.0005710997541370461,0.0006182981751614601,0.0006711529138728886,0.0007300777520945864,0.0007955299669797336,0.0008680127743845189,0.0009480779672925591,0.0010363287509253213,0.0011334227757498695,0.001240075369022556,0.0013570629647537591,0.001485226731005119,0.0016254763921880295,0.0017787942424599256,0.0019462393443390384,0.002128951904188633,0.0023281578131499167,0.0025451733383003473,0.0027814099441311763,0.003038379218703714,0.0033176978718677617,0.0036210927645031364,0.00395040591766423,0.004307599438560189,0.004694760286299073,0.005114104784107059,0.005567982766199941,0.0060588812266053555,0.006589427314086328,0.007162390492125544,0.007780683656144309,0.008447362972541974,0.009165626177057351,0.009938809045417243,0.010770379730251554,0.011663930648904364,0.012623167612074361,0.013651895908498001,0.014754003110454859,0.015933438439964087,0.017194188631737276,0.01854025033377188,0.019975599178334264,0.021504155706278623,0.02312974830665768,0.024856073221800695,0.02668665146835411,0.0286247822720511,0.030673492377822287,0.03283548048205833,0.035113056189724066,0.037508073534828115,0.04002186046100541,0.04265514789059469,0.045408005029437225,0.048279791042730995,0.05126913641413737,0.05437396754873684,0.057591581231560454,0.060918766074799506,0.06435198117064693,0.06788763487948477,0.07152244886187423,0.0752537948557925,0.07907992842002037,0.08300030847423209,0.08701625072174399,0.0911322292940346,0.09535851889618618,0.09971634842789516,0.1042445571154909,0.10898556066208749,0.11379209897129647,0.11698287631924309,0.12019572856042908,0.12346094017101,0.12626718543506876,0.12903848940439927,0.13178416018355132,0.13441135066105112,0.13705991640173573,0.13986208312924092,0.14298675528982943,0.14390859040188492,0.14509855896844906,0.14593568838931548,0.1468193469952361,0.1473781465671264,0.14805973463308197,0.14890230965217355,0.1499041279775436,0.15124909611088008,0.15095758619086272,0.15150356735874726,0.15051344062709743,0.15027434761278807,0.1482418783646282,0.14589522817497425,0.14301290770195618,0.1404447063008588,0.13719383949469893,0.1332906618710601,0.12957540583380567,0.12598637628116882,0.12227363618026584,0.11845623897234661,0.11443539902877709,0.10969367090703883,0.10485034505936305,0.10004234015466656,0.09528301889951327,0.09058120397711479,0.0859934152345938,0.08155762076935641,0.07728229113148839,0.07315534511886639,0.06916042562934163,0.06529693654371665,0.06156981390412847,0.05798374324747239,0.054541837300899246,0.05124570614995139,0.048095747084113155,0.04509138190543998,0.04223121520515716,0.039513143179988455,0.036934444722092896,0.03449187153388442,0.032181739770011875,0.03000001885175128,0.027942412451164064,0.026004428775076242,0.02418143969223735,0.022468729874580092,0.020861537818310683,0.01935509061463781,0.017944633973624682,0.016625458528765725,0.015392923026087173,0.014242474700802452,0.013169666974366095,0.01217017453862368,0.011239805894116908,0.01037451344225855,0.009570401271526122,0.008823730812044319,0.008130924555332169,0.007488568046306364,0.006893410355163323,0.006342363230489921,0.005832499124496231,0.005361048268512711,0.004925394963031779,0.004523073232266619,0.004151761978811582,0.003809279759740416,0.0034935792915461,0.0032027417778783683,0.00293497114123906,0.0026885882278046397,0.0024620250434858686,0.0022538190692945074,0.002062607695112383,0.0018871228030551046,0.0017261855247620891,0.0015787011910703694,0.0014436544875663386,0.0013201048253702451,0.0012071819331005422,0.0011040816731968856,0.0010100620835630813,0.000924439643742487,0.0008465857634840377,0.0007759234905317623,0.0007119244337177413,0.0006541058969098375,0.0006020282190210122,0.0005552923150933999,0.0005135374134005572,0.0004764389835435038,0.0004437068506328267,0.00041508349083607514,0.00039034250381564785,0.00036928725787812417,0.00035174970399397146,0.0003375893552203819,0.000326692428464181,0.00031897114595143457,0.0003143631942211474,0.00031283133892816625
60,0.0003593824810493505,0.0003611929524602868,0.0003666395090127153,0.00037576767157837445,0.0003886536215239487,0.0004054046712938372,0.0004261599246409459,0.00045109112789885615,0.0004804037140561029,0.0005143380417377322,0.0005531708315156738,0.0005972168022524963,0.0006468305104271476,0.0007024083955900803,0.0007643910352414776,0.0008332656125115031,0.0009095686000348815,0.0009938886633403241,0.0010868697869013215,0.0011892146256969815,0.0013016880846823387,0.0014251211279319854,0.0015604148183548513,0.0017085445877263496,0.0018705647352781612,0.002047613151140935,0.0022409162584475944,0.002451794164749564,0.002681666009425941,0.002932055488801493,0.0032045965345325277,0.0035010391132449287,0.003823255106171053,0.004173244216374268,0.00455313983781244,0.004965214804726211,0.005411886921421652,0.005895724151268547,0.006419449319535296,0.006985944157500809,0.007598252485239982,0.008259582297933868,0.00897330648628196,0.009742961887031597,0.0105722463272231,0.01146501329925027,0.012425263888570875,0.013457135578577743,0.014564887585048942,0.015752882431896723,0.017025563572961137,0.018387428986450415,0.019843000803910348,0.021396791156654067,0.0230532644911879,0.024816796579367518,0.026691630295090578,0.02868182793564671,0.030791219452423864,0.03302334547735854,0.03538139358793851,0.03786812602985679,0.040485797442113385,0.043236062458052366,0.04611987581904856,0.049137392313673034,0.0522878815192626,0.05556968335454658,0.05898023657734928,0.06251619073332156,0.06617356299264632,0.0699479288071648,0.07383481251830551,0.07783028681337008,0.08193141841787069,0.08613613130130558,0.09044292485766922,0.09485070997778021,0.0993586255429322,0.10396570763181552,0.10867028925669371,0.1134668270793169,0.11833141343274053,0.12318862505079359,0.12798574897076967,0.1311078076182196,0.13456755046102656,0.1378480357998542,0.14106274791197457,0.14423667971942447,0.14696685853119182,0.14976735643627206,0.15282082352663848,0.15636148041072928,0.1575247130435624,0.15941292082992842,0.15987730841231054,0.16129594768138622,0.16134273246864192,0.16201593916277446,0.1629659229079764,0.1639609479134955,0.16455570562742633,0.16477767168404192,0.16505342283539298,0.1645262869908975,0.16397558261183948,0.16341180720390017,0.16109638596138948,0.15713808465351684,0.15364380737724748,0.1498481236885013,0.14572167529916172,0.1417961490409387,0.13802161975760596,0.13376741024095057,0.1294996539297156,0.12544730278073057,0.11962462850507771,0.11419284466573365,0.10889602359958465,0.10364221595151199,0.09847973317399866,0.09346755632246588,0.08863674238741209,0.08398672455469551,0.07948977511567692,0.07510868959697198,0.07086003131649371,0.06676053127270874,0.06281925745849751,0.05904038665066928,0.05542546955276734,0.051974516020816264,0.04868648199055295,0.04555948746023121,0.04259092195785447,0.03977752057595068,0.03711544695076839,0.034600388612966326,0.03222765639756251,0.029992278129467732,0.027889080522040314,0.02591275745397053,0.024057925663016927,0.022319170204438046,0.02069108219148061,0.019168290888575117,0.017745491578556025,0.016417470027420604,0.015179123938195463,0.014025481537213839,0.012951717336963271,0.011953165117082224,0.011025328210028848,0.010163887234841669,0.009364705470826296,0.008623832094759582,0.007937503519964697,0.007302143076827727,0.006714359266395813,0.0061709428054265505,0.005668862665327782,0.00520526129044065,0.004777449163909707,0.00438289887234027,0.004019238803757652,0.003684246597197039,0.003375842446717178,0.0030920823479112596,0.0028311513612477267,0.002591356953951269,0.002371122470728123,0.0021689807735002426,0.0019835680814425456,0.0018136180349774716,0.0016579560009002516,0.0015154936303927204,0.0013852236772259005,0.0012662150798390232,0.001157608308102977,0.001058610973322292,0.0009684936983029848,0.0008865862430252626,0.0008122738805325269,0.0007449940170146275,0.0006842330496676938,0.0006295234557086144,0.0005804411058713756,0.0005366027957845337,0.0004976639887998506,0.00046331676409248803,0.00043328796416823497,0.0004073375362813532,0.00038525706267864305,0.0003668684750339516,0.0003520229489166957,0.00034059997464311667,0.00033250660138568647,0.0003276768519605671,0.0003260713062717897
61,0.0003744307153444945,0.0003763282471385237,0.0003820368865805526,0.0003916048677138438,0.0004051129204100146,0.00042267478095754066,0.00044443790865597566,0.00047058441016722534,0.0005013321738485941,0.0005369362167455759,0.0005776902473510131,0.000623928447636637,0.0006760274782280776,0.0007344087109194255,0.0007995406930014864,0.0008719418481005014,0.0009521834183805111,0.001040892653038833,0.0011387562480022395,0.0012465240415880515,0.001365012970599356,0.00149511129083838,0.0016377830652976248,0.0017940729222628714,0.0019651110841582106,0.002152118666084902,0.0023564132405354274,0.002579414661558671,0.002822651137540821,0.0030877655365480774,0.0033765219016193755,0.003690812145238276,0.004032662882165681,0.004404242347573193,0.004807867332665507,0.005246010052404869,0.005721304839248433,0.00623655453269883,0.006794736406703272,0.007399007445333991,0.00805270874168591,0.008759368755734388,0.009522705124692537,0.010346624675725502,0.011235221248568437,0.01219277089931728,0.013223724033208852,0.014332694012340982,0.015524441813737602,0.016803856382525406,0.018175930438415977,0.019645731646816524,0.0212183692417698,0.022898956354303838,0.02469256840960696,0.026604197953429963,0.02863870609774847,0.030800770398209342,0.03309482837361717,0.03552501505689187,0.03809509197875231,0.04080836400515922,0.04366757987193491,0.046674812637887884,0.049831318251436114,0.05313737598244471,0.05659213035468487,0.06019348921467859,0.06393816788450939,0.06782191539268499,0.07183974762730097,0.07598599431839935,0.08025480448646793,0.08464137418509787,0.08914295373525355,0.09375786442661198,0.09848419809249076,0.10331870273791398,0.10825504851290844,0.11328091894931912,0.1183743970172573,0.1234989342097403,0.12859541254318227,0.13358634918670162,0.13838256491563344,0.1426697530353877,0.1468527151002596,0.15050058832660673,0.1541403255449426,0.15816814845002378,0.16054138022915612,0.16340505663212698,0.16656982415008512,0.17008885739481805,0.1713806100889378,0.17280709713248277,0.17384679231365302,0.17495246550257496,0.17578283694538224,0.17681187185228622,0.17807300970697432,0.1795415734973936,0.17935693216244314,0.1796524976105934,0.1805068048008301,0.17966097325697905,0.1787848362915197,0.17824133557155805,0.17594400150744974,0.17194484589137288,0.1684557883987533,0.16359876197817735,0.15895410751500377,0.15484179139460605,0.15145057358037034,0.14613170582237292,0.14113747043566802,0.13575946573293257,0.12993415819222565,0.12417362259013098,0.11848402383859674,0.11268428649458949,0.10699046353210753,0.10150253886878097,0.0962490439039514,0.09121850300259442,0.08635335277820905,0.08153484247096351,0.0768513142279228,0.07233907977399824,0.06800848463720505,0.06386228919977235,0.05990082834770394,0.056123214267414734,0.052527692234067634,0.04911176797976194,0.04587224425746815,0.04280524729549324,0.039906285362963374,0.03717034208357291,0.03459198724304294,0.032165486508106744,0.029884898365032813,0.027744154039570333,0.02573712116348562,0.023857654271087735,0.022099635624881722,0.020457009276338006,0.018923810340914518,0.017494190605708042,0.01616244096734387,0.014923010842624502,0.01377052455364011,0.012699794685906466,0.011705832482017665,0.010783855413531059,0.009929292141538353,0.009137785120426014,0.00840519111964073,0.007727579940077681,0.0071012315914155705,0.0065226321797588445,0.00598846873502281,0.005495623186731342,0.00504116567629026,0.004622347373729667,0.004236592947495985,0.003881492817193352,0.0035547953013364696,0.003254398755338452,0.0029783437792896606,0.002724805560740972,0.0024920864047986635,0.00227860849242413,0.0020829068979098114,0.0019036228880232394,0.0017394975181855886,0.0015893655351644181,0.0014521495909815458,0.0013268547689297432,0.0012125634196207804,0.0011084303027242418,0.0010136780283836965,0.0009275927911092409,0.0008495203881516316,0.000778862513885126,0.0007150733214985501,0.0006576562432635126,0.0006061610607719382,0.000560181216778031,0.0005193513606156923,0.0004833451195707519,0.0004518730890524769,0.00042468103491886044,0.0004015483018562552,0.0003822864222892216,0.0003667379208958006,0.0003547753104226584,0.00034630027513026613,0.00034124303884753014,0.0003395619152754081
62,0.0003897402217060282,0.0003917269509913003,0.0003977041178430342,0.0004077227695351846,0.0004218683527897533,0.00044026126676294925,0.00046305763939518026,0.0004904503292786327,0.0005226701557893803,0.0005599873608076851,0.0006027133059067608,0.0006512024094229314,0.0007058543283245315,0.0007671163902679989,0.0008354862816610623,0.0009115149979365746,0.000995810062565566,0.001089039021590195,0.0011919332206174263,0.0013052918712573953,0.0014299864138838162,0.001566965183295055,0.001717258383309402,0.0018819833754677444,0.0020623502857548097,0.0022596679314786745,0.0024753500680348224,0.002710921952064313,0.002968027213302106,0.003248435021972899,0.0035540475316637728,0.003886907568886388,0.004249206529706168,0.004643292430506296,0.005071678043796074,0.005537049030579662,0.0060422719577759385,0.006590402062116945,0.007184690590438098,0.00782859150990906,0.008525767340226661,0.009280093813038397,0.010095663012389117,0.010976784595342268,0.011927984637382432,0.012954001598396445,0.014059778870404733,0.015250453358843504,0.016531339577573127,0.01790790881539127,0.01938576306560051,0.020970603598327236,0.022668194283006746,0.02448432000401347,0.026424740704427938,0.02849514167063357,0.030701080549452933,0.03304793118189361,0.03554082355813776,0.0381845779651873,0.04098362965648694,0.043941938177237044,0.04706287301533056,0.050349064486515493,0.053802205516566004,0.057422790692846344,0.061209806353398635,0.06516048312475975,0.06927037489951011,0.0735339617780971,0.07794520207401145,0.08249676920927707,0.08718037332277334,0.0919895803575718,0.0969232058507285,0.10198180300692394,0.10716463545401747,0.11246797274481618,0.1178822139506773,0.12338711329221877,0.12894673399078377,0.1345000721275547,0.13994325093242482,0.14519297325508837,0.15033872572683063,0.15541071582963367,0.16076069262635137,0.16425366411404818,0.16791640129491328,0.17160448721522317,0.1747735898969625,0.177971205196485,0.18126401741613996,0.18403885840511558,0.18613358515245254,0.18756544991354857,0.18878633978889028,0.1899861963265137,0.19116145813981902,0.19245565358699562,0.19384545426677388,0.1946036639961407,0.19482460881870445,0.19512578716055512,0.19559915553071683,0.19605048862143448,0.19443230776939208,0.19282576594260417,0.1905900711081865,0.1874940989034381,0.18252471894803485,0.17823638400121072,0.17275531675581166,0.16822180033836187,0.16456144273620157,0.15912782946293758,0.15406164607094297,0.1473791706346964,0.14101984606627443,0.13492639820606186,0.12903048750829327,0.12246507896670739,0.11612447209631624,0.11010660529018704,0.10440854076527689,0.0990176089858133,0.09386491585598655,0.08848373663798134,0.08329390815684208,0.07832494699310194,0.07356974048009257,0.06902440395340974,0.06468695241755797,0.06055531652786285,0.056626885581246914,0.0528984537043168,0.04936616674725901,0.0460254784430718,0.0428711701557013,0.039897437775159965,0.03709801651125948,0.03446631177558643,0.0319955158572176,0.02967870258699475,0.027508900498537176,0.02547914880128853,0.023582541174594317,0.02181226149718832,0.020161614245313462,0.01862405103985703,0.017193193942164973,0.015862855608905695,0.01462705623182336,0.013480037193554955,0.01241627146496668,0.011430470882505223,0.010517590537301535,0.009672830567174726,0.008891635669343447,0.008169692653507778,0.007502926341215026,0.0068874940956033925,0.006319779240711291,0.005796383604249536,0.005314119393200123,0.004870000588132271,0.004461234019701203,0.004085210269381018,0.003739494516129597,0.003421817431527613,0.003130066208156227,0.0028622757897521288,0.0026166203571326868,0.0023914051110828097,0.0021850583823363992,0.001996124089407267,0.0018232545572190598,0.0016652037031114149,0.0015208205917024795,0.0013890433561021117,0.0012688934799340188,0.0011594704323863603,0.0010599466469298413,0.0009695628332963748,0.0008876236116930622,0.0008134934579447395,0.0007465929482385377,0.0006863952923245964,0.0006324231443595507,0.0005842456810255371,0.0005414759370880508,0.0005037683891489813,0.00047081677899035,0.0004423521685778208,0.0004181412194925093,0.0003979846902789492,0.00038171614593200166,0.00036920087449290385,0.0003603350064821947,0.00035504483366304506,0.000353286324400924
63,0.00040528919618075076,0.0004073671478767838,0.0004136189493790037,0.00042409855911736236,0.00043889630547507783,0.00045813948459856856,0.00048199319994641777,0.0005106614461810521,0.0005443884407346327,0.000583460207096619,0.0006282064145719583,0.0006790024799430928,0.000736271937132623,0.0008004890816023541,0.0008721818968329692,0.0009519352707990166,0.0010403945108756552,0.0011382691660719712,0.0012463371658607597,0.0013654492851396234,0.001496533944977638,0.0016406023587293315,0.0017987540327735526,0.0019721826304827665,0.0021621822069522465,0.002370153820398564,0.002597612523824688,0.002846194737364474,0.003117665997445838,0.003413929073293705,0.0037370324340348085,0.004089179040430965,0.0044727354236833074,0.004890240999412893,0.005344417547399637,0.005838178766488473,0.006374639788747412,0.0069571265069307735,0.007589184533937547,0.008274587571574536,0.0090173449178702,0.009821707786998125,0.010692174053758614,0.011633490967023055,0.012650655307200222,0.013748910398261692,0.014933739335287648,0.016210853767179702,0.017586177596208435,0.019065825035779558,0.020656072615950663,0.022363324947243416,0.024194074342446692,0.026154854734203415,0.0282521906691927,0.030492542424996397,0.032882248354107475,0.03542746524441339,0.03813410661553468,0.04100777726457061,0.0440536998485848,0.04727662560803438,0.0506807158169167,0.05426937074602469,0.058044964098901,0.06200841706201043,0.06615857043634223,0.07049153371516666,0.07500072645053435,0.0796786219380238,0.08451896922311945,0.08951272077674007,0.09464660259036631,0.09990942594188215,0.10530543777000273,0.11084095092386595,0.11651848037620978,0.12233617758677257,0.12828471515345,0.1343426537256877,0.1404753904635055,0.14661266428410463,0.1525285727973276,0.1579926773789635,0.1635132407252618,0.16905370204157072,0.1744767418182835,0.1790469709736764,0.18284755788441792,0.1867314583660765,0.19018572464670253,0.19371411642289738,0.19777698095844642,0.1999053336372637,0.20264670836941517,0.20359377280447172,0.20484630812773352,0.20619646837228967,0.2075793995389965,0.20897435889352384,0.21061442025184357,0.21117259231545513,0.21138993162012226,0.2116751162413472,0.21207115840135693,0.212659337608404,0.2110293810219526,0.2088967556608975,0.20674888673338299,0.202729294666002,0.19707889307457577,0.19199191454264275,0.18677462606887346,0.18186211648224637,0.1773062412031278,0.17284322321827497,0.1663387719100297,0.1596252189926558,0.1527568442758151,0.14639447250564358,0.14116454165982317,0.1329346385709043,0.12582951162483577,0.11925551463382433,0.11308868194383816,0.1073658949875991,0.10235208833614876,0.09594913798850582,0.09018601970596937,0.08473120959220995,0.07951990771667429,0.0745430210729855,0.06979853224877268,0.06528382945592243,0.06099548129668417,0.056929503711683475,0.053081324896301144,0.04944566535086157,0.0460165038635663,0.04278715490290513,0.03975041289124984,0.03689871200514385,0.03422426878591136,0.03171919508054409,0.029375582011518787,0.027185561443681765,0.025141352254794275,0.023235297199321714,0.021459894040334077,0.01980782281160629,0.018271969860688582,0.01684544868841117,0.015521617386183718,0.014294092506480525,0.013156759343756458,0.012103778760399368,0.011129590817216733,0.01022891554492108,0.009396751225869736,0.008628370555853096,0.007919315036842709,0.00726538792342392,0.006662646014585839,0.006107390551913675,0.005596157456227513,0.005125707107468944,0.004693013846926407,0.004295255356512083,0.003929802046719452,0.0035942065632130044,0.0032861935019228095,0.0030036494042357635,0.002744613087544241,0.00250726635210837,0.0022899250929068,0.002091030834817629,0.0019091427009553712,0.0017429298171235718,0.0015911641499369866,0.0014527137720267529,0.0013265365446751762,0.0012116742060537687,0.0011072468517955647,0.0010124477937761447,0.0009265387825828403,0.0008488455791136169,0.0007787538609799156,0.000715705449821871,0.0006591948462250237,0.0006087660596127286,0.0005640097212461211,0.0005245604692704175,0.0004900945955857814,0.0004603279451814699,0.00043501405944569853,0.0004139425558456638,0.00039693773725937067,0.00038385742513149927,0.0003745920115185226,0.00036906372598304455,0.0003672261141935418
64,0.0004210539318401818,0.00042322500377222884,0.0004297571649524855,0.0004407073801047784,0.0004561710194520153,0.00047628250379747907,0.0005012162107489547,0.0005311876451898383,0.0005664548779796688,0.0006073202577386144,0.0006541324014350289,0.0007072884703507285,0.0007672367388430385,0.0008344794641528361,0.0009095760663191082,0.0009931466280459367,0.0010858757251169518,0.0011885165986503011,0.001301895681113218,0.001426917488540779,0.0015645698917901277,0.0017159297798587554,0.0018821691282378246,0.0020645614848748737,0.002264488885478335,0.0024834492084760984,0.002723063977777779,0.002985086618385435,0.003271411165610277,0.0035840814229006973,0.00392530055574276,0.004297441099388029,0.004703055345884586,0.005144886060585992,0.005625877459500952,0.006149186355983475,0.00671819335773492,0.007336513962166901,0.008008009358976075,0.008736796702262954,0.009527258559562105,0.010384051180794884,0.011312111156173347,0.012316659949786361,0.013403205708900998,0.014577541665410707,0.015845740376845222,0.0172141430147463,0.018689342914380958,0.020278162667639446,0.02198762418564925,0.023824911395802,0.025797325590261586,0.027912233927818993,0.030177012196630167,0.03259898358268847,0.035185355651133184,0.037943157730998454,0.04087918010252603,0.04399991463653075,0.04731149366577746,0.05081961922422129,0.0545294658506132,0.058445519137551145,0.06257126181078215,0.06690852527650132,0.07145625757264631,0.07620876926368633,0.08115497669612518,0.08628287879113467,0.09159037618548031,0.0970686988079005,0.10269371047649758,0.10843638523129748,0.11431989469758594,0.12036239561189975,0.1265702868623597,0.13294532811930854,0.13948101704190446,0.14616126946929342,0.15298999938534735,0.16000160927637613,0.16666798569327165,0.1718972137649868,0.1779207421142947,0.18411814221306338,0.190375910687388,0.1959584512045888,0.1989898817762419,0.2035406837997777,0.20677003512895048,0.210248804488686,0.21430494505048148,0.21640713170299686,0.21885224454480667,0.22044067256728755,0.22197320546699628,0.22359606517790317,0.22528777902517053,0.2265921346797127,0.2281526611574708,0.2294253621749508,0.22921598450598293,0.2294659125377714,0.22983544094311817,0.2296372018080679,0.22869147546248247,0.2257235080431074,0.2222243744744484,0.21765337150912129,0.2124192546933386,0.20713147081807265,0.20169880449275238,0.1963396363165034,0.19117655733717845,0.1865036478628365,0.17962945834283892,0.1729959191473463,0.16497248269535852,0.15770935542935588,0.1507863991912024,0.1432636446945055,0.13595278725329973,0.12891872797819198,0.12220971089255295,0.11584807346940915,0.10977965429152065,0.10353342890188061,0.09748846416190378,0.09157369939526225,0.08587722017240551,0.0804336054512501,0.07524893916667125,0.0703205503424675,0.06564387988620486,0.06121401020816174,0.05702560116595404,0.053072597953771554,0.049348105499398616,0.04584445566430633,0.042553383535138656,0.039466228896710046,0.03657411301283911,0.033868073423725505,0.031339159276856286,0.028978497515526266,0.026777340639087578,0.024727103985475125,0.022819397232728633,0.021046052264769313,0.01939914797128083,0.017871031800705657,0.016454337685561232,0.015142000057356804,0.013927263879770911,0.01280369084122115,0.011765162007973992,0.010805877332908874,0.00992035245164228,0.009103413194191856,0.008350188213891399,0.007656100098827428,0.007016855292568245,0.006428433114158015,0.005887074133363061,0.005389268125808179,0.004931741803390641,0.0045114464877910355,0.004125545868865146,0.003771403965284741,0.0034465733822100822,0.0031487839402581986,0.002875931731761327,0.0026260686443827447,0.002397392378568391,0.0021882369739716643,0.001997063850738625,0.0018224533641803306,0.0016630968656636412,0.0015177892582897742,0.0013854220328758408,0.0012649767676973928,0.001155519074199182,0.0010561929702692496,0.0009662156625546836,0.0008848727195558197,0.0008115136177712333,0.000745547643900224,0.0006864401369814842,0.0006337090553098895,0.0005869218539935003,0.000545692660065412,0.0005096797331331628,0.0004785832006209947,0.0004521430577306504,0.00043013742331095533,0.0004123810438836529,0.00039872403912263014,0.00038905088312640436,0.00038327961686056137,0.0003813612881789022
65,0.00043700883158790066,0.0004392747793440411,0.0004460925973600293,0.0004575223483174844,0.00047366459867140146,0.0004946611134575775,0.0005206958326809776,0.0005519961329431406,0.0005888343790123262,0.0006315297710863417,0.0006804504945451106,0.0007360161800380584,0.0007987006827996814,0.000869035191133512,0.0009476116750466182,0.0010350866870476392,0.0011321855281312542,0.001239706792945962,0.0013585273090584056,0.0014896074860558466,0.0016339970909274972,0.001792841466680224,0.0019673882114028063,0.0021589943349030294,0.002369133909486223,0.0025994062302757224,0.002851544498514179,0.003127425038309461,0.003429077053036752,0.003758692921770139,0.004118639028336636,0.004511467105462465,0.004939926063571597,0.0054069742576138575,0.005915792125307356,0.006469795105767223,0.007072646717930191,0.007728271642555367,0.008440868608707755,0.009214922834037746,0.010055217706172575,0.010966845318563762,0.011955215387398726,0.013026061977719064,0.014185447360778064,0.015439762218995871,0.0167957213216411,0.018260353727933366,0.01984098654881597,0.021545221327558137,0.023380902200891653,0.025356075214557565,0.027478938564179173,0.02975778421876947,0.0322009324320393,0.03481666196821448,0.037613140096465464,0.040598356950505315,0.04378006826521555,0.04716574895321411,0.050762557964315475,0.054577311453603686,0.05861645125915582,0.06288596483581745,0.06739112522900183,0.07213570112715503,0.07711988095193337,0.08233593030111844,0.08776282896077972,0.09337300480034648,0.09918575864877094,0.10520230247347676,0.1113774838483712,0.11760783182926363,0.1239922593143212,0.13056709077584328,0.13733544826152783,0.14430454860724926,0.1514689419703571,0.1587976661701464,0.1663467999548854,0.17483705042074543,0.18014240187488778,0.1862260077192907,0.19350321984449434,0.2005142873200359,0.20506907239574473,0.2102838177744836,0.2149495820829949,0.21967910088008505,0.22414858152608533,0.2275297941913335,0.23090738747597941,0.23405481814602014,0.23692917411376363,0.23854085670167394,0.2402624657454353,0.24223020459220268,0.24473385550217258,0.24559753539336512,0.24666343599386628,0.24753731698568865,0.24792354816024714,0.2484921408646087,0.249483189642868,0.24895176813626146,0.24734025777519172,0.24458927506917905,0.23992533542873073,0.2346106896840768,0.2291426862765611,0.2236708270733987,0.217770984978361,0.21184307999690893,0.20581248390818535,0.20005035241085448,0.1926969689152745,0.1852759454697991,0.17744533979110994,0.16972967139642564,0.16207846571626425,0.1544636797375198,0.14676869110734853,0.1392127914245999,0.1319191397612594,0.1249325083202169,0.11823569315875904,0.11172291715612094,0.10542477608316285,0.09892062261133552,0.09266390004932305,0.08670816166490516,0.08104830053494498,0.07567493249777679,0.07058073986812233,0.06575968350254213,0.061205735540816986,0.056912106246025926,0.0528709830012377,0.04907361248361839,0.0455105417340982,0.042171883973590334,0.039047540301393076,0.03612735890170772,0.03340124047827788,0.03085920710421071,0.02849144998599875,0.026288366524213437,0.02424059216030243,0.022339029110977168,0.02057487223255627,0.01893963150626162,0.017425150537987034,0.01602362067780034,0.014727590665632234,0.013529971980646167,0.012424040262895154,0.011403433280669216,0.010462145951495623,0.0095945229125406,0.008795249098805446,0.008059338740648174,0.007382123144887369,0.006759237580006673,0.006186607546560485,0.005660434678132058,0.005177182485165018,0.004733562122995196,0.004326518336181585,0.003953215703838362,0.003611025285351506,0.0032975117429074074,0.0030104209968900915,0.002747668452531626,0.0025073278212218724,0.002287620547489211,0.002086905842664721,0.0019036713183984697,0.0017365242072416816,0.0015841831531697265,0.0014454705519338163,0.0013193054192482331,0.0012046967638239276,0.0011007374419552897,0.0010065984705903484,0.0009215237764289057,0.000844825359487205,0.0007758788506538759,0.0007141194439723728,0.000659038185669202,0.000610178603268225,0.000567133659463724,0.0005295430167519807,0.0004970906001327303,0.0004695024464827096,0.00044654483047173175,0.00042802265813766623,0.00041377812046215117,0.0004036896004963846,0.000397670828778853,0.0003956702829673302
66,0.0004531264336432222,0.0004554888552917197,0.0004625971533457082,0.0004745145759184651,0.0004913470330993802,0.0005132438439335917,0.0005403987864541795,0.0005730514550352424,0.0006114889305648978,0.0006560477701767285,0.0007071163245285656,0.0007651373918805937,0.000830611219501735,0.0009040988642240811,0.0009862259252677223,0.0010776866637676739,0.0011792485247414666,0.0012917570785254307,0.0014161413999572226,0.0015534199047595521,0.0017047066636407954,0.0018712182155124343,0.0020542809018523622,0.002255338744515507,0.002475961889079904,0.00271785563495593,0.002982870071779932,0.0032730103388197576,0.0035904475199516972,0.0039375301808911595,0.004316796547390849,0.004730987312633725,0.005183059048574794,0.005676198179013608,0.006213835451137321,0.0067996608164944405,0.007437638601006196,0.008132022805585917,0.008887372332717797,0.009708565877989378,0.010600816156759514,0.011569683052598628,0.012621085174463016,0.013761309194494973,0.014997016212062793,0.016335244260369863,0.01778340595057183,0.019349280144722487,0.021040996467638517,0.022867011409968812,0.024836074755912704,0.02695718516035219,0.029239534077990233,0.03169243819589811,0.03432526230304282,0.03714733707750849,0.04016787884644669,0.04339591967299211,0.04684025537949632,0.050509417692469784,0.0544116774916257,0.058555088388092105,0.06294757424467025,0.06759703701389462,0.07251138619710762,0.07769813022303317,0.08316219917167542,0.0888978339814674,0.09486613394821927,0.10097046773832447,0.10731808860460057,0.11394952845203937,0.12080839305622773,0.12745876239601983,0.13433930609769587,0.14147344754549243,0.14882480465176895,0.1564233934238275,0.16427393449041772,0.1722261795820243,0.17983746627277075,0.18751120129609639,0.1940221074320393,0.20060617038266904,0.20747433170162133,0.21422310366280847,0.220312023068383,0.22630944488717333,0.232089612809196,0.23717667208520182,0.24316900940631533,0.2459895196114267,0.2492943784653417,0.25239883604222463,0.2552959818747315,0.25760623539185923,0.2597127811852174,0.26175649693554465,0.2640165323630784,0.2658639592921842,0.2670504661768629,0.2675627426107049,0.26789397925899916,0.26865960320675336,0.2682573074775656,0.26708547358262535,0.2653487426831057,0.2635212714704297,0.2598696824718236,0.25310798006357565,0.247178212694698,0.24190691990071916,0.23509760318246528,0.2286591656652359,0.2217690154829321,0.21462683120678613,0.20704376074242462,0.1990689662387095,0.19092008476581684,0.1828219223889439,0.17455678018173443,0.1670128030253546,0.15834406867344503,0.15016449239077584,0.14228620107090534,0.13466833933366873,0.12740343451089087,0.12054663896690139,0.11437118086217068,0.10678054681776053,0.09986800576967049,0.09336499639051621,0.08720091062445377,0.08135324251155075,0.07581247560020205,0.07057243175075556,0.06562696817352845,0.06096877411260482,0.05658911574490858,0.052478046648312765,0.048624785916510434,0.04501808410504883,0.04164650056449996,0.03849858528576172,0.035562989329056285,0.03282853239292194,0.030284248908776575,0.027919424948640456,0.025723631330357537,0.023686754285774866,0.021799023242237845,0.02005103476737057,0.018433771868782756,0.01693861821576107,0.015557367243487732,0.014282226413944494,0.01310581711115167,0.012021170748803977,0.011021721690361206,0.01010129755413634,0.009254107423807088,0.008474728425353562,0.007758091074252219,0.007099463745495944,0.006494436573826775,0.005938905051165949,0.005429053551165174,0.004961338976109951,0.004532474688694834,0.004139414860527515,0.0037793393409050148,0.003449639123790156,0.0031479024682710627,0.0028719017082462555,0.0026195807706336973,0.002389043407919139,0.0021785421401099006,0.00198646789285848,0.0018113403123510765,0.0016517987331991714,0.0015065937727196184,0.0013745795233557406,0.0012547063143242606,0.0011460140136494758,0.0010476258423797302,0.0009587426738173938,0.0008786377919076504,0.00080665208442579,0.0007421896482028852,0.0006847137852807789,0.0006337433705503182,0.0005888495730755972,0.0005496529149253685,0.0005158206529119367,0.0004870644701743008,0.00046313846603632843,0.0004438374340250229,0.0004289954193525902,0.00041848454855393914,0.00041221412533357224,0.00041012998801768266
67,0.00046937745027910815,0.0004718377710523554,0.00047924085219698976,0.0004916532098002066,0.0005091862367505053,0.0005319970043094525,0.0005602893892331277,0.0005943155313806719,0.0006343776281818877,0.000680830073788712,0.0007340819522109138,0.000794599895238533,0.0008629113174856936,0.000939608042454367,0.001025350335112164,0.0011208713581016402,0.0012269820703415624,0.0013445765884283565,0.0014746380328752088,0.0016182448828029627,0.0017765778641729605,0.0019509273979622852,0.0021427016357402594,0.0023534351107999444,0.002584798033187722,0.0028386062564802516,0.0031168319427628357,0.003421614949702949,0.003755274959575961,0.004120324364226841,0.004519481911836064,0.004955687110553391,0.005432115370086198,0.005952193844656261,0.006519617918785335,0.007138368250433115,0.007812728253170387,0.008547301859037296,0.009347031354692172,0.010217215022949375,0.011163524246866823,0.012192019641202024,0.013309165664389916,0.014521843033824871,0.01583735812256683,0.017263448364439486,0.018808282544074417,0.020480454697214164,0.022288970175742558,0.024243222210039574,0.026352957024100423,0.028628225341696862,0.03107931832153174,0.03371668721684383,0.03655084905392508,0.03959228538673942,0.04285134613217923,0.04633817246504774,0.0500626499011495,0.05403439951293326,0.05826282153988803,0.0627572207232495,0.067527042845964,0.07258223230170263,0.07793377946805267,0.08359477999048615,0.08958209217533367,0.09591300299603686,0.10255440672374871,0.10908039128665031,0.11596125749092903,0.12330478572309819,0.1313102697739734,0.137970137788909,0.14535361278715236,0.15311075096564586,0.16104271559350664,0.16930127781131588,0.1780281175429108,0.18709046304361127,0.1944246870133695,0.20256973449740645,0.20904486763395969,0.2159386310667479,0.2228843556475656,0.2298892297010527,0.23683340396931898,0.24377133182031352,0.2514139855275021,0.25558776320751087,0.2612861277278394,0.2656851262506476,0.26915416671889875,0.2728270164480983,0.27546184125745643,0.2781038949117476,0.2809480432010831,0.2827123125144709,0.28529566689312,0.2883683964799511,0.28969027481310294,0.2893528541891855,0.2892608215717883,0.28900867410166187,0.2881301768093889,0.28655670466347266,0.28465520155238166,0.2825961090502618,0.27891817709683564,0.2723973951681047,0.26591938416311034,0.2597436088484615,0.253263263905229,0.24682650057084138,0.23956654222906743,0.2312822475476324,0.223041771234241,0.21424805667772845,0.20554415911415136,0.19732561553983496,0.1877264478298426,0.1789165973518873,0.17023145312265242,0.1616587993110902,0.15336625359441738,0.14502952038958425,0.137098012002877,0.1295748274914061,0.122322067945625,0.11475506656671973,0.10741213356471799,0.10039234447677078,0.09370868045881202,0.08735992748760582,0.08134354242318136,0.07565623177284303,0.0702928081516655,0.06524572851902882,0.060505296181145585,0.05606021626228323,0.051898217207766655,0.048006554220061025,0.04437234125543507,0.04098274154823947,0.037825070706039673,0.03488685691239368,0.03215588459212962,0.029620233233162038,0.02726831456984081,0.025088907617947128,0.0230711900338192,0.021204764438408706,0.019479678883397744,0.017886441186096162,0.016416027299908147,0.01505988419010115,0.013809927858834977,0.012658537232546393,0.01159854461899926,0.010623223390759232,0.009726273481421637,0.008901805207461325,0.008144321860934493,0.007448701459230607,0.00681017798692331,0.006224322419464661,0.005687023777056748,0.0051944704182770845,0.004743131746462491,0.004329740467569871,0.003951275506612901,0.0036049456612498036,0.0032881740459933338,0.0029985833589851766,0.002733981985302149,0.0024923509361717304,0.002271831611993058,0.0020707143683447097,0.001887427857840605,0.0017205291163960989,0.0015686943598307022,0.0014307104554343718,0.0013054670328699872,0.00119194919932422,0.0010892308249411062,0.0009964683661037163,0.0009128951959307272,0.0008378164133185928,0.0007706041039051201,0.0007106930283976764,0.0006575767157581399,0.0006108039407407234,0.0005699755672226542,0.0005347417406443457,0.000504799414684044,0.0004798901990348502,0.00045979851683497475,0.00044435006193197424,0.00043341054774613546,0.0004268847410448563,0.0004247157754563841
68,0.00048573082030145813,0.0004882902773610934,0.0004959918785419242,0.0005089054847534793,0.0005271481013274932,0.0005508847365564978,0.0005803296092888376,0.0006157477112477853,0.0006574567314003312,0.0007058293513886025,0.0007612959227606027,0.000824347538503575,0.000895539513198581,0.0009754952879830616,0.0010649107784310443,0.0011645591854363094,0.0012752962912050503,0.0013980662645169174,0.0015339080014728586,0.001683962029978692,0.0018494780081630938,0.002031822848726733,0.002232489502771097,0.0024531064378381824,0.0026954478455490545,0.0029614446141645917,0.0032531961003655864,0.0035729827322738103,0.003923279471873202,0.004306770159155499,0.004726362752080102,0.00518520546534283,0.005686703796505605,0.006234538409732807,0.006832683824636673,0.007485427829849785,0.008197391506949836,0.008973549708833397,0.009819251785469729,0.010740242286260207,0.011742681288436748,0.01283316390154746,0.014018738376996763,0.015306922109903583,0.016705714663471247,0.01822360678080026,0.019869584175823726,0.02165312469012741,0.02358418710041596,0.025673189360658332,0.027930973298677463,0.0303687519149331,0.03299803510170862,0.03583053113321347,0.038878026284100455,0.04215225380634774,0.045664772879470156,0.04942688022433748,0.05344956650372496,0.05774351833810105,0.06231918365437937,0.06718696213278061,0.07235757291012714,0.0778425346653692,0.08365479456149036,0.08981102465720729,0.09634262765962383,0.10334004860517887,0.11111950137741508,0.11764351461611275,0.12501662708347172,0.13294110328986086,0.14086211743800972,0.1487220177610594,0.1569814440938021,0.16558279593246816,0.17396662475629415,0.18278301917891257,0.19257657502596115,0.20162642521032315,0.20945931305701765,0.2173387812300098,0.22487632324708276,0.23241523672891579,0.23946440260704727,0.24686521010304965,0.25461216578456847,0.26190690178595694,0.26932564165071354,0.2741647397097998,0.27931417860458807,0.2843962312158392,0.2896711615370349,0.2931726500082809,0.2971626547533432,0.2994944432808851,0.3021776710636052,0.3047964157456632,0.30781715807171317,0.3110692056594986,0.3124920315615812,0.312699032258149,0.312687072143996,0.3118483901719664,0.3097880559425512,0.30755398650011423,0.30540342934078657,0.3043577987924907,0.30100757855806937,0.29273985637505795,0.2857424611210093,0.2792376119071027,0.27232393873707444,0.26533271884203324,0.2582177272863617,0.24964202274344818,0.24095906083334034,0.23065072273162726,0.22094096459917412,0.2112339806614862,0.20145432685564332,0.19208178156372496,0.18301474316588245,0.1738938965070326,0.16554728433216204,0.15601042200571952,0.1473576004022022,0.13925531488029422,0.1314590632970059,0.12332873988561469,0.11541128839220044,0.10782161740352053,0.10058293858291761,0.09370054280905327,0.08717711232986924,0.08101315880966362,0.0752049209639417,0.06974454590125523,0.0646210841193836,0.05982160022296896,0.05533212863959825,0.05113831705933603,0.04722577408241927,0.043580228621292155,0.04018760260892617,0.03703405722853338,0.03410603717758973,0.03139031777209059,0.02887405226490377,0.02654481561778223,0.024390642041488095,0.02240005496103624,0.020562089059721442,0.018866304670271963,0.017302795129492433,0.01586218789520093,0.014535640299442442,0.013314830812259527,0.012191946639596026,0.011159668399043383,0.010211152526932925,0.009340011982957527,0.008540295740818918,0.0078064674867777415,0.007133383890748166,0.006516272764014892,0.005950711371397994,0.005432605122327263,0.004958166824332494,0.004523896644085771,0.004126562885832219,0.0037631836653322587,0.003431009529685535,0.0031275070497783224,0.0028503433925461223,0.0025973718645528787,0.0023666184062189756,0.0021562690069726696,0.0019646580052161164,0.001790257232852171,0.0016316659618001834,0.0014876016090635403,0.0013568911571684213,0.001238463247888788,0.001131340908870033,0.0010346348748698831,0.0009475374676968766,0.0008693170014260415,0.00079931268202043,0.0007369299730233577,0.000681636401467249,0.0006329577805449212,0.0005904748278940911,0.0005538201605512474,0.0005226756497385298,0.0004967701206629366,0.0004758773844397808,0.0004598145911119449,0.00044844089453386656,0.00044165642163503815,0.00043940154028247925
69,0.0005021537756536525,0.0005048134030590284,0.0005128166497621284,0.0005262367918719611,0.0005451965659777185,0.0005698690869631106,0.0006004791393689854,0.0006373048487652881,0.0006806797414949603,0.0007309952030962625,0.0007887033477060509,0.000854320312804243,0.0009284299957877335,0.0010116882510673843,0.0011048275686686873,0.0012086622576854204,0.0013240941603803566,0.001452118925233933,0.0015938328697862726,0.0017504404666616588,0.0019232624886517463,0.0021137448510869634,0.0023234681918407806,0.0025541582310530204,0.002807696953852872,0.003086134659793233,0.003391702922110965,0.003726828497986845,0.004094148227328036,0.004496524951822025,0.004937064477665889,0.005419133593988116,0.005946379144072677,0.006522748127577362,0.007152508788479561,0.007840272614820452,0.008591017141494742,0.009410109404850535,0.010303329845424706,0.011276896389506571,0.012337488357469596,0.013492269743274006,0.014748911283653092,0.01611561058998833,0.017601109458404755,0.019214707311505243,0.020966269548302018,0.022866229327366185,0.024925580834762647,0.02715586115623094,0.029569116270535333,0.03217784455266967,0.03499490959639379,0.03803341568611953,0.0413065474910722,0.044827392168149266,0.048608780341656596,0.05266318365478312,0.05700267550508267,0.0616389263418081,0.06658324474693071,0.07184680135181397,0.07744115704974062,0.08337871337199906,0.08967182140235894,0.0963293533644018,0.10335272829821894,0.11073976815563537,0.11849181103480264,0.12622988927261097,0.13451184334594213,0.14368216068546982,0.15155035089877786,0.16012343298128456,0.16932840753986694,0.17935732305969038,0.18756070067801928,0.19642371080138835,0.20582243208786377,0.21541300663807017,0.2258113613946906,0.233870557627639,0.24210233354897218,0.2506726072365072,0.25691846008952735,0.26475010487181455,0.2741431581813253,0.28127793393053174,0.2879809728453241,0.29383089902874865,0.2989063151823287,0.30435718319840477,0.30999249707144316,0.31483741349769745,0.3188704937320137,0.3220111707070117,0.32567653478227965,0.3283627108845883,0.3318774134264136,0.3340929208064638,0.33516970951943675,0.335046557828503,0.33577454527140443,0.3345427746472155,0.33307345189597876,0.32983028479027565,0.32649851669880114,0.32339337458160544,0.3194499814368632,0.31316653374015024,0.30651531366195467,0.3005458016836679,0.2926499573281137,0.2848265447027831,0.2770353878759427,0.26978488230187836,0.25876881333282303,0.24812490017397093,0.23740372172082727,0.22650784770443785,0.21609753065862905,0.20626540575574626,0.19704737299564726,0.18651698449003865,0.1767927510184651,0.16717627587126577,0.15808692846659017,0.14960792152752278,0.14184466847432955,0.13255013059013565,0.12389223940189473,0.11566634768102593,0.10783135226482876,0.10037957219347388,0.09331472548089542,0.08664323105052357,0.08036307519193368,0.07446531359713199,0.06893693652899383,0.06376283195169773,0.05892709937063497,0.054413735165147026,0.05020687299355524,0.04629082911978334,0.04265011211829,0.039269455128877945,0.036133873752997904,0.03322873563110616,0.030539828548374504,0.028053419432838407,0.025756301355568244,0.023635828406156658,0.02167993951264332,0.019877172605828566,0.018216670506936164,0.01668817980478755,0.015282043872659735,0.013989191066898072,0.012801119041888433,0.011709876006731013,0.010708039642220168,0.009788694298553023,0.008945407008198807,0.008172202774719715,0.007463539534776988,0.006814283134065229,0.006219682605990685,0.005675345993109286,0.005177216905266363,0.004721551965328529,0.004304899253969685,0.003924077829762005,0.003576158370234364,0.003258444953745162,0.002968457980879019,0.0027039182173289183,0.002462731927448249,0.002242977058360447,0.0020428904281831147,0.001860855868054344,0.0016953932657699513,0.0015451484585264944,0.0014088839231441862,0.0012854702138993086,0.0011738781004641298,0.00107317136122068,0.0009825001902153277,0.0009010951791260423,0.0008282618387295947,0.0007633756274159397,0.0007058774572586546,0.0006552696509884298,0.0006111123259195826,0.000573020183445779,0.0005406596851557785,0.0005137465989328938,0.0004920439006054481,0.0004753600188237013,0.0004635474128657433,0.0004565014750348433,0.00045415975121720084
70,0.0005186119224148695,0.0005213725364238041,0.0005296798983173304,0.0005436107625233937,0.0005632937035477246,0.0005889100952850127,0.0006206954893216058,0.0006589413995487994,0.0007039975025718612,0.0007562742656230675,0.000816246015980424,0.0008844544682703316,0.0009615127285042437,0.0010481097962766039,0.0011450155892412657,0.0012530865167888405,0.0013732716327640637,0.0015066194000773019,0.0016542851031528093,0.0018175389472776945,0.001997774887009594,0.002196520228783092,0.00241544605561034,0.002656378524149737,0.0029213110862252997,0.0032124176878779256,0.00353206699892484,0.0038828377244468906,0.0042675350462147805,0.004689208236360678,0.005151169477129398,0.005657013908825849,0.006210640912649444,0.006816276615528602,0.007478497579883222,0.008202255611880625,0.008992903586334023,0.009856222143453617,0.010798447059839233,0.011826297030029534,0.012947001511624036,0.014168328183277337,0.015498609440878568,0.016946767219446025,0.01852233528977391,0.02023547805006087,0.022097004691926207,0.024118377355963828,0.02631171122846112,0.028689762995339593,0.03126590113905213,0.03405404720779343,0.037068572985843165,0.0403241390935848,0.043835473702558136,0.04761712099995012,0.05168322558876456,0.05604741922877102,0.060722799846163154,0.06572189797739453,0.07105660765265254,0.07673839998212165,0.08277931766072719,0.0891933799507534,0.09599524184961586,0.10318941794221169,0.11074361648827989,0.11855802063344768,0.1267114676679756,0.13518763960519453,0.14416338281419525,0.15362298979123096,0.16264076475244638,0.17198498121845499,0.18199195943301025,0.1929247052202944,0.20173527791128087,0.21076477918187259,0.2201624442801695,0.22976590384300943,0.2395086069759526,0.24871647964784824,0.25773697306875665,0.2665250424455007,0.2742649409317541,0.28249428673709687,0.29091804546720806,0.2993924542748712,0.3057910354293273,0.31245270837014594,0.31960381928824455,0.3256625081197147,0.33260560933170324,0.3389765446781235,0.3431645958650813,0.34584656510681094,0.34959391180818655,0.35316507575666933,0.3560060956575956,0.3568063566688674,0.3576777454567946,0.358305753234697,0.3591343965881505,0.3593926829600559,0.35639601550912237,0.3534735288769342,0.3488829468192248,0.3449399579831467,0.34185378010582734,0.3354642386752377,0.32810538033443387,0.32200246146334494,0.31423858557367323,0.3055513091167326,0.2969691235827213,0.2887868449221196,0.27802505624750656,0.2655334958894938,0.2538325069632215,0.24239120737007577,0.23151808560263648,0.22118784706969813,0.2104381242146273,0.19956838420364104,0.18910046718632637,0.1789333549103715,0.16930724154513102,0.16033012051931833,0.15145402586223583,0.1420346265299148,0.13278638045975624,0.12391542540377361,0.11545536602683894,0.10740243251431922,0.09975734707943085,0.09254463383709492,0.0857653217230826,0.07940696367567401,0.07345261054471419,0.0678840447321181,0.06268321766183403,0.05783261367310571,0.05331509178285546,0.04911367777496635,0.045211486316718466,0.041591764836762156,0.0382379990769314,0.03513403113045199,0.03226416385728841,0.029613242725973377,0.027166715156353764,0.02491067080961041,0.02283186671727022,0.02091774048845196,0.01915641402482924,0.01753668955168526,0.016048039379331226,0.014680590571057207,0.013425105535157682,0.012272959432434335,0.011216115178073263,0.010247096714426814,0.00935896113995769,0.008545270199514605,0.007800061570478054,0.007117820315596074,0.006493450814335748,0.005922249429090591,0.005399878110378775,0.004922339096677637,0.004485950820461718,0.004087325092980978,0.0037233456067282174,0.003391147766496463,0.003088099837240282,0.0028117853792430994,0.0025599869278348304,0.002330670865513188,0.002121973428195467,0.0019321877838847665,0.001759752120739439,0.001603238681908521,0.0014613436861238443,0.0013328780755702098,0.0012167590356988917,0.0011120022351739887,0.0010177147378642379,0.0009330885425775574,0.0008573947099825511,0.0007899780398022501,0.0007302522648575343,0.0006776957318574878,0.0006318475419727426,0.0005923041271876682,0.0005587162412174981,0.0005307863464112472,0.0005082663805574447,0.0004909558898853585,0.00047870051682781566,0.00047139083330082393,0.0004689615123770324
71,0.0005350693363339634,0.0005379315211704405,0.0005465447691464286,0.0005609893680820556,0.0005813998235739338,0.000607965901913088,0.0006409340983454222,0.0006806095389174052,0.0007273583266016134,0.0007816103449224855,0.0008438625349192023,0.0009146826640068593,0.0009947136081449486,0.001084678171707611,0.0011853844725838868,0.0012977319233239337,0.0014227178425872756,0.0015614447347298609,0.0017151282790628256,0.0018851060740847179,0.0020728471857655644,0.002279962552652914,0.002508216304050283,0.002759538050620006,0.0030360362092704046,0.003340012425832631,0.0036739771594879456,0.004040666491784503,0.004443060219942487,0.004884401288504801,0.005368216604746748,0.005898339271124446,0.006478932251974889,0.0071145134712979246,0.007809982313401496,0.008570647468051903,0.009402256025826596,0.010311023686297742,0.011303665889232985,0.012387429613945409,0.013570125510691304,0.01486015992871872,0.016266566291708664,0.017799035156146295,0.01946794219506736,0.02128437329845015,0.02326014594275569,0.025407825782153635,0.027740736596701655,0.03027295945115218,0.0330193120647026,0.035995291385514355,0.03921695318057112,0.04270069998545155,0.046462968598488495,0.05051986430393833,0.054886861571978536,0.05957869414006677,0.06460939564783719,0.06999222743150385,0.07573934337372429,0.08186175164350482,0.08837101129351504,0.09528407232240341,0.10262778795059964,0.11042789382160278,0.11864875408681609,0.1268474540579568,0.13545613432569545,0.1445322621667382,0.1542431989646495,0.16491117308567224,0.17432249764066887,0.18422473676807638,0.19497279799364942,0.20683334469097905,0.21721295991229078,0.22617042446304753,0.23571054993672863,0.245427585717641,0.2552240825847118,0.2653873370659784,0.27573198151483563,0.28542435898132223,0.2928414079263886,0.3016712554750606,0.30929247687793027,0.31804770765374574,0.3250727098268784,0.33223419150077416,0.3398113643241533,0.3477499848864795,0.3576005970088377,0.36350638059500157,0.3673770821669295,0.36971594938351604,0.3736131943460634,0.37695959880304475,0.38130218154383,0.38145618043900603,0.3823047388694738,0.3830901171918558,0.38479145142206134,0.38353485396421144,0.38151671801358444,0.37678021117706517,0.37219424331891376,0.36752126495091725,0.36312104888614144,0.3575733405767087,0.35026426512403247,0.3434866803021421,0.3350106370357689,0.32771049291149185,0.31825647424896814,0.3085042553504261,0.29729657324212766,0.2839900004938317,0.27123392440614563,0.259126984389232,0.24781307971351071,0.23792330887126312,0.22529063269124122,0.21348987852223517,0.20231405849619225,0.1913326343684163,0.18111876195355395,0.17216795584543357,0.1622753397441289,0.15220185615597778,0.14216658100723362,0.13257224708148474,0.12345595571560031,0.11478910902067074,0.10651050114218541,0.09871513224124114,0.0914087795666111,0.08456811688975707,0.07816799744237807,0.07218549529264134,0.06660042691525991,0.06139432550221169,0.056549260809236127,0.052047202998742007,0.04786990064429471,0.043999026336151395,0.04041639900412104,0.037104189039376824,0.034045076064495056,0.031222358995576655,0.028620027957883726,0.026222808506120167,0.024016186375798925,0.02198641835902739,0.020120532852016936,0.018406322332222204,0.016832329325231737,0.015387827079748142,0.014062795996377124,0.01284789674364188,0.011734440896098167,0.010714359832929263,0.009780172542308545,0.008924952890041022,0.008142296831389765,0.007426289971696684,0.006771475813155793,0.0061728249611390845,0.005625705503806826,0.005125854723891071,0.004669352252241806,0.004252594729569707,0.003872272006121559,0.003525344878766701,0.003209024340847052,0.00292075230162889,0.002658183718643644,0.0024191700769155867,0.0022017441433451563,0.0020041059216838663,0.0018246097329961172,0.0016617523477212004,0.001514162097966518,0.0013805889020955865,0.0012598951377063932,0.0011510473034757576,0.0010531084148788763,0.0009652310833348578,0.0008866512327750519,0.0008166824119118555,0.0007547106645593691,0.0007001899242029727,0.0006526379026276866,0.0006116324458016176,0.0005768083333851352,0.0005478545012178316,0.0005245116689455726,0.0005065703576118845,0.0004938692845743795,0.00048629412553995155,0.00048377663586311596
72,0.0005514886729035139,0.0005544527671315416,0.0005633729321680638,0.0005783330354693658,0.0005994735920912979,0.0006269928731881713,0.000661148467058944,0.000702259301972941,0.0007507081427668177,0.0008069445760564855,0.0008714885018738284,0.0009449341526395451,0.0010279546636407198,0.0011213072226131506,0.0012258388296488285,0.0013424927024676034,0.001472315366110196,0.0016164644703173976,0.0017762173822324023,0.001952980606555128,0.002148300089819139,0.002363872469952059,0.0026015573365792293,0.002863390571451312,0.003151598841678919,0.0034686153208389643,0.0038170967141099932,0.004199941662962961,0.004620310602086981,0.005081647135633841,0.005587700990979264,0.006142552595515719,0.006750639305083577,0.007416783291197485,0.008146221068009283,0.00894463460873272,0.009818183964565186,0.010773541255926252,0.011817925854139722,0.012959140508688082,0.014205608098184535,0.015566408592573282,0.017051315718457524,0.018670832742470205,0.02043622676970894,0.022359561035090077,0.02445372481976202,0.026732460619002155,0.02921038734552762,0.03190301529535598,0.03482674125360709,0.03799879867989572,0.041437120241206514,0.04516006040778756,0.049185953231123035,0.05353257600367054,0.05821672603148618,0.06325413678142092,0.06865966743198812,0.07444725205750888,0.08062913961521427,0.08721481739287226,0.0942117916810632,0.10163589728854579,0.10953587910099044,0.11801680462772707,0.1273842709080477,0.13556988867492345,0.1446128864513555,0.154161384782468,0.16430691026819427,0.17511799120796756,0.18642153783197468,0.19667786352772165,0.20815684381552738,0.2205506314691134,0.2325357141742338,0.2425953203296388,0.2526428624622375,0.26253477326001234,0.2719519933867689,0.2831403638350292,0.2931555581693095,0.30219154823372363,0.3119060806080148,0.32060492767194915,0.3283047854407376,0.3369872089394907,0.34607029698074515,0.35345710242945155,0.3615512745210866,0.3700468891257556,0.3801912675703057,0.38713400747727134,0.3915280637366566,0.3939366733660284,0.3970181839672205,0.40155819113329044,0.4055279886471395,0.40701962585180496,0.4088178616622613,0.40883429009049177,0.40903051177139205,0.4077947773679755,0.4052405786536254,0.4017303804969608,0.3975318653268132,0.3919050472446493,0.3876417219111601,0.38026017538896834,0.37369473957157834,0.3651147876685912,0.35636840826883687,0.34747066662324294,0.3385491648028195,0.32753398575548837,0.3167816467398962,0.303542246145896,0.28958469387137603,0.2765662244048721,0.26411976732117104,0.25229752009638723,0.24065175078449288,0.22806365276399715,0.21655940257119688,0.20419956680135942,0.19300325227778806,0.18280130384301088,0.17303011769856452,0.1628869964823793,0.1519028340284262,0.1416020656021237,0.13181306937371032,0.12261813001768516,0.11359123332382078,0.10515340682984678,0.09729116929593566,0.08994875327508361,0.08308462743657463,0.07666851872599109,0.07067891726308849,0.06509784984048655,0.05990747779562937,0.05508898959948501,0.05062270079469991,0.04648851535629777,0.042666373505928126,0.03913658340542121,0.035880039634841224,0.03287835774911929,0.030113953031043396,0.027570083888587685,0.025230872985953924,0.023081313788471877,0.02110726676829072,0.019295447619958793,0.017633408942303606,0.01610951649876206,0.014712921057670929,0.013433526764349078,0.012261956938666562,0.011189518112213706,0.01020816302629525,0.009310453216177905,0.008489521714622649,0.00773903632105156,0.00705316380201991,0.006426535313858228,0.005854213269580965,0.005331659809930769,0.0048547069833356415,0.004419528692035033,0.004022614421805791,0.003660744740377023,0.0033309685242659992,0.0030305818546984,0.0027571085096927597,0.0025082819704565166,0.0022820288551496145,0.0020764536910690364,0.0018898249367197788,0.0017205621674762786,0.0015672243421018944,0.0014284990718655601,0.0013031928190350795,0.0011902219568672998,0.0010886046286508032,0.0009974533487347008,0.0009159682936909625,0.0008434312367379116,0.0007792000832590662,0.0007227039696673418,0.0006734388919895102,0.0006309638343916692,0.0005948973714532232,0.0005649147213493438,0.0005407452302474032,0.0005221702711896215,0.0005090215435499159,0.0005011797618444284,0.0004985737252677624
73,0.0005678312918322336,0.000570897375478243,0.0005801247097517981,0.0005956007783906225,0.0006174721681730513,0.0006459457448109297,0.0006812903093833445,0.0007238387455986013,0.000773990671260446,0.0008322156105167505,0.0008990567068112228,0.0009751349999675765,0.001061154294536468,0.0011579066504518063,0.0012662785311943865,0.0013872576490608606,0.0015219405517896516,0.0016715409996949922,0.0018373991875814293,0.002020991871007474,0.0022239434618637225,0.0024480381636171277,0.0026952332217944582,0.002967673370126418,0.003267706556979042,0.0035979010399199425,0.003961063938086999,0.004360261331954376,0.004798839997568584,0.005280450856757615,0.005809074215600121,0.006389046850034291,0.0070250909794603725,0.007722345146285405,0.008486396991479772,0.009323317883339689,0.01023969931859663,0.011242690971092841,0.012340040211936248,0.013540132864164032,0.014852034883048182,0.01628553457352124,0.017851184884145204,0.019560345289910908,0.021425222858408324,0.023458912358240755,0.0256754357150064,0.02808978147876806,0.030717944335679433,0.033576961045476666,0.036684929045358014,0.0400609734206087,0.043725097697761256,0.047697831545001984,0.051999622193266086,0.05665006601341487,0.06166730831411342,0.06706799123521051,0.07286768238341365,0.07908106028481052,0.08572111126600257,0.09279617889785324,0.10030191269487719,0.10822976847243942,0.1166251788917792,0.12552475778397248,0.13489727320966496,0.1443128431560841,0.15417250930211673,0.1641371416010149,0.17468516872313028,0.18581905374544902,0.19731016731259676,0.2090138685156784,0.22154762725495225,0.23565702994059073,0.24765264812282656,0.25719449319162413,0.26808278045769623,0.27846226708799365,0.2882520209972296,0.2997754234936127,0.31001434943451245,0.32025687137208564,0.3307040037279246,0.3391923648409766,0.3482029082991033,0.35741750825260693,0.3674609481533011,0.37598853214391276,0.38500303737973546,0.3930144096992425,0.40265599833802823,0.4090213254722947,0.41350353865663647,0.41664894434277727,0.4213515189261495,0.4254652146436857,0.4306745165792414,0.4341795327278555,0.4357723263051942,0.4362187840668305,0.4366308932205907,0.43520279830290043,0.4320667402592236,0.42943558104143503,0.42324803252539334,0.41713056596838266,0.410889874056373,0.40412055245782275,0.3977159908119372,0.38869005798332495,0.3796835547936617,0.36896300133295956,0.35905188665324644,0.3477861243860023,0.3368795025230403,0.3223408141689354,0.3087906235812739,0.29497582504878234,0.28123519854108725,0.2678664564570091,0.2550220912594502,0.24282038902555272,0.22963575542687997,0.21711221636086708,0.20518208123904,0.1945671206247213,0.18305737408954106,0.17228345575022305,0.16157845311975105,0.15121520058393523,0.1404682123010007,0.13119905910956164,0.12099261683388253,0.11184777494278056,0.10341120522041158,0.09555264133664841,0.0882081541463665,0.08133678318572543,0.07491931397263848,0.06894148875172747,0.063386751733296,0.058235500451527616,0.053466218803772954,0.04905662763615047,0.044984461070933866,0.04122792340558877,0.037765942978416435,0.034578308881566294,0.03164574206739662,0.028949929715668597,0.026473538452616102,0.024200214449442925,0.022114574277041013,0.02020218834513208,0.01844955794760917,0.016844086758872532,0.015374047677606483,0.014028545982237196,0.012797479769726736,0.011671498593903625,0.010641961124737628,0.009700892539345245,0.008840942243971514,0.008055342420656593,0.007337867795034822,0.006682796933177077,0.00608487529568272,0.005539280206567941,0.005041587833126509,0.004587742220941786,0.004174026385403524,0.0037970354269209108,0.0034536516107659602,0.003141021333210311,0.002856533882347213,0.0025978018937369077,0.0023626433968508198,0.0021490653473758047,0.0019552485420305595,0.001779533816001608,0.0016204094278854755,0.0014764995426805635,0.0013465537295470331,0.001229437397463104,0.0011241230983368219,0.0010296826334269902,0.0009452799049776895,0.0008701644607095777,0.0008036656842014741,0.0007451875892252788,0.0006942041807716697,0.0006502553498413964,0.0006129432731037149,0.0005819292922708064,0.0005569312515384101,0.000537721274732363,0.0005241239669115504,0.0005160150281417066,0.0005133202700016131
74,0.0005840573956197144,0.0005872252781875286,0.0005967592188706406,0.0006127503439877556,0.0006353513569355726,0.0006647777831013627,0.0007013097240225175,0.0007452941322000512,0.0007971476214121856,0.000857359830950329,0.0009264973659450716,0.0010052083398963817,0.0010942275497012903,0.001194382317913243,0.001306599041695189,0.0014319104929622873,0.0015714639195590584,0.0017265300029756232,0.0018985127340553636,0.002088960274334348,0.00229957687700157,0.002532235947858283,0.0027889943329140114,0.0030721079251544397,0.0033840486882487607,0.003727523199145671,0.0041054928141646225,0.004521195563761436,0.004978169878999045,0.005480280247202474,0.006031744884641844,0.00663716549975894,0.007301559200974623,0.008030392578251366,0.008829617957346728,0.009705711790252664,0.010665715104780905,0.011717275890312845,0.012868693244341914,0.01412896304408698,0.015507824839027712,0.017015809590016324,0.018664287831161502,0.020465517854560487,0.02243269370825875,0.02457999327195355,0.026922627483522144,0.029476892670694678,0.032260227823199226,0.035291274835508576,0.03858992714364202,0.04217732395768049,0.04607570174465412,0.05030797448148453,0.0548969515651236,0.05986431319124177,0.06522979884703362,0.07101111783311001,0.07722444753049554,0.0838849393164947,0.09100821768321025,0.09861083061425101,0.10667165184495592,0.11510186769365312,0.12400444228823285,0.1334015227522623,0.14325114928883423,0.15352991564145183,0.16457301640535155,0.17450183840449118,0.18548488061654309,0.19721425229385744,0.20916522491111403,0.22211065066091684,0.23483516628108025,0.247358470371829,0.25990617842576885,0.2719803588162838,0.2825012622925149,0.2934216373796824,0.3047056552337992,0.31676691664462014,0.32892779347579487,0.34013346419805085,0.3502786946950856,0.3592867805101099,0.3698906887260123,0.3790360091631938,0.38917031597668145,0.4003051551851178,0.408720171506511,0.41693635420028896,0.42519330873997413,0.4320529251800118,0.4358493485084195,0.4401223288260303,0.44520612968249973,0.45030443336915427,0.45632358992696226,0.45896131999491496,0.46284343178279613,0.4629570579994883,0.46268053678390003,0.4627209512670076,0.46035873314755726,0.4563961347959959,0.4514193423968127,0.44477534283974796,0.43687733112345656,0.42975254677825725,0.42318008247024197,0.4142443381631157,0.40344530247604027,0.39181613241340063,0.38045468551121664,0.3679280555023034,0.3557299337956271,0.34215767043017226,0.33036526366085717,0.3148734938219919,0.29941203617160134,0.28429906308343145,0.2700831437262623,0.25660298086612804,0.24332113706119587,0.23066757769425464,0.21728044110159853,0.20525308869552977,0.19371768908556553,0.18237163938328133,0.17098206981857403,0.15970898401247646,0.14883106988213968,0.13850719759360003,0.12833924012628378,0.11874308952574059,0.10976919133642216,0.10139023972854677,0.09355257963574747,0.0861975377838028,0.07932200338544855,0.07292182102485638,0.06698221951741432,0.06148161887099339,0.05639553426723177,0.05169875484953616,0.04736636577433606,0.04337420096658214,0.039699044737965004,0.03631872425302354,0.03321215168444348,0.030359340784241913,0.02774140895280324,0.025340569854824264,0.023140118653212617,0.02112441057724746,0.019278833178922615,0.01758977277899626,0.016044575892478076,0.014631506642377537,0.013339701254137352,0.012159120689321267,0.011080502371856725,0.01009531182473045,0.009195694895482507,0.00837443111758692,0.0076248886361415125,0.006940981020908994,0.006317126197291636,0.005748207645827308,0.005229537952855763,0.004756824738628914,0.004326138943636459,0.003933885418371959,0.003576775735081699,0.003251803121033927,0.0029562194003227996,0.0026875138240376956,0.002443393665736877,0.002221766459633654,0.002020723761924813,0.0018385263205769008,0.001673590545061927,0.001524476174529647,0.001389875050342829,0.0012686009064915935,0.0011595800989226185,0.001061843202110091,0.0009745174081509118,0.0008968196702219553,0.000828050538360703,0.0007675886412160475,0.0007148857726760358,0.0006694625471390547,0.0006309045916881201,0.0005988592475928115,0.0005730327574402839,0.0005531879178260755,0.0005391421809562806,0.0005307661917623725,0.0005279827502436015
75,0.0006001261817772399,0.0006033953912995934,0.000613234527478613,0.0006297383744523365,0.0006530657785544961,0.0006834409636585419,0.0007211553850996557,0.0007665701347636321,0.0008201189137421108,0.000882311592927136,0.0009537383860926844,0.0010350746644252054,0.0011270864461572407,0.0012306365999636961,0.0013466918061311023,0.0014763303252313092,0.0016207506301372215,0.0017812809637093958,0.0019593898913380556,0.002156697924697443,0.002374990300474647,0.0026162310053435655,0.0028825781458794407,0.003176400769193468,0.0035002972464699468,0.003857115336875035,0.004249974052937892,0.0046822874498404065,0.005157790459359342,0.005680566883695454,0.006255079654307661,0.00688620344543661,0.007579259710718634,0.008340054183895561,0.009174916851166044,0.0100907443634925,0.011095044812484632,0.012195984743281698,0.013402438221441056,0.014724037707166012,0.01617122642008771,0.01775531180992134,0.019488519711092916,0.021384048819062786,0.02345612540308445,0.025720058829894612,0.02819229963418915,0.030890503333416662,0.033833603817581895,0.03704189679674387,0.04053711989097666,0.04434248175068297,0.04848253354927203,0.05298271994818965,0.05786849030178699,0.06316412372325356,0.06889182095749745,0.07507145830634204,0.0817200733146933,0.0888502499022441,0.09647743388228336,0.10466532325273054,0.11340970256873828,0.12228513187288029,0.13172368137114765,0.14171017300265742,0.1521043645365732,0.16294997624743643,0.17384257198973657,0.1848530043957,0.19662447327834603,0.20956148640505876,0.2215446692422619,0.2345761816400672,0.2470925811882942,0.2600811334335882,0.2739535845496663,0.2867257395036891,0.2983443548320242,0.30954599036660563,0.3219841398645203,0.3355298783862445,0.34732475513467315,0.35984628396498414,0.3698434943177905,0.3799301025468739,0.3919572198076462,0.4018691215267816,0.41211265173705985,0.4238401084193131,0.4328568826875473,0.4405777089326312,0.44824941008421015,0.45660590881712365,0.45995162405442563,0.46498696575363974,0.4712079629155552,0.47629546430891845,0.48106806787258755,0.48494902807834456,0.4892238851786026,0.4896057874663854,0.48891683393744145,0.4886820835077344,0.4860353750175069,0.48358276744677736,0.4793667466038808,0.47293956735909903,0.46442420151351266,0.4570818203123473,0.44671110874779585,0.43727249195714296,0.42681685474707876,0.4164513217287631,0.4017706776667443,0.3884950911740189,0.37559751531997493,0.36284266021847367,0.35129805523730806,0.33618410758034545,0.31869586546345335,0.301307637870333,0.2858165677430779,0.2715313374112498,0.2577927517619056,0.24306110731996078,0.22933207940830513,0.21674000134264385,0.20543442360066003,0.19359172380293205,0.18125808526636436,0.16906464799228588,0.15767564241109974,0.14671435597021001,0.1361567883271288,0.12597401471442343,0.11640103933878758,0.10748255510280334,0.09915003507413823,0.09126156542227318,0.08388394240553955,0.07703120197792485,0.0706858339581221,0.06482009019738236,0.059404264351618094,0.05440920178412235,0.04980690847316052,0.045570646146661134,0.04167492852677104,0.0380955142046272,0.03480940467682764,0.03179484158705513,0.029031299366339462,0.026499472073552303,0.02418125403801724,0.02205971397398431,0.020119062424906166,0.018344612835080917,0.016722737034967017,0.015240816274271454,0.013887189080112546,0.012651097189796179,0.011522630677179707,0.010492673218490367,0.009552848265750652,0.008695466731724959,0.007913476645464513,0.007200415112455545,0.006550362806682397,0.005957901132032527,0.005418072115996391,0.0049263410382427006,0.004478561749031492,0.004070944596127491,0.0037000268523980882,0.003362645518129519,0.003055912360845817,0.002777191049758222,0.00252407624074152,0.0022943744699138275,0.0020860867186217494,0.0018973925191764838,0.0017266354784477144,0.0015723101049134728,0.0014330498335986793,0.0013076161522138873,0.001194888740506492,0.0010938565432016894,0.0010036097048364149,0.0009233323022167699,0.0008522958171331405,0.0007898532983486396,0.0007354341677560321,0.0006885396310094757,0.0006487386579218267,0.0006156645025220543,0.0005890117369381256,0.0005685337772558023,0.0005540408832487234,0.0005453986174230521,0.0005425267522113478
76,0.000615996008074044,0.0006193657813427588,0.0006295078244853561,0.0006465205829620681,0.0006705690526438897,0.0007018861667593174,0.0007407747512756918,0.0007876100625451529,0.0008428429252473711,0.000907003493054555,0.000980705659073926,0.001064652148034634,0.0011596403274252457,0.0012665687803978653,0.001386444689275,0.0015203920849578081,0.0016696610244607804,0.0018356377661937562,0.0020198560204606254,0.0022240093608982096,0.002449964891151689,0.002699778269836292,0.0029757102055653416,0.0032802445422488347,0.003616108062605257,0.003986292144392684,0.00439407640864291,0.004843054501441288,0.005337162149692161,0.005880707625927207,0.0064784047466200706,0.007135408511811209,0.007857353470455995,0.008650394865414818,0.009521252574381597,0.010477257818554978,0.011526402559794854,0.012677391449313624,0.013939696125855314,0.01532361158768142,0.016840314281390583,0.018501921471133664,0.020321551405596463,0.022313383861519293,0.0244927209505244,0.02687604883286254,0.02948110237068376,0.032326936666522234,0.03543401082303935,0.038824286878610934,0.04252133346868171,0.046550387913774485,0.05093826633608215,0.05571295321329765,0.06090277323523284,0.0665354096863322,0.07263747956190202,0.07923463498319877,0.08634816513491486,0.09397862568056388,0.10209142522397771,0.11091179085930693,0.12080865672812843,0.12974554892288298,0.1397892104096135,0.15055241055309027,0.161494172493937,0.1733472231817161,0.1840677888185274,0.19557730384301095,0.20779631583729025,0.22083261496392534,0.23389269792531237,0.24807611768768378,0.260159566030412,0.2732337746871688,0.28755885393456915,0.30105960084242683,0.3132180680906484,0.32580091638510467,0.3395433352668278,0.35435194203642556,0.3667028399847936,0.3810492621584068,0.3911285509751297,0.40070112220429793,0.41192796549532085,0.4234932725066868,0.43605833512604897,0.44729070171176616,0.45483013024320573,0.46317424478383845,0.4719298979371625,0.4793119917207946,0.4852722709413035,0.49085055981332165,0.49737314160473356,0.5014852905001508,0.5058816606168806,0.5100659993941493,0.5146070067841028,0.5160610227188743,0.516890078016156,0.5160929863825627,0.513757559891947,0.5111695562767773,0.5061356396350475,0.501999820534687,0.49334644820965806,0.48332557638826873,0.47157043472642246,0.4601954781959399,0.448888170410249,0.43776011320747765,0.42375013949597307,0.4105092095517764,0.397710528999042,0.38436400803711773,0.3707095563013213,0.3546979504623093,0.33636080591610956,0.3181160488000591,0.3018272913350185,0.2871797235555047,0.27177459045219626,0.25602143815863776,0.24167906103766368,0.22831707897566178,0.21576032786158894,0.2034987575783374,0.19155965339442474,0.17893696049827323,0.1671490292184427,0.15559343979362553,0.14466165173616144,0.13359652238463082,0.12330158151656731,0.11383551193228131,0.10508239489504628,0.09653495829109529,0.08858897401108434,0.081253235284603,0.07448490835287429,0.06824123068689006,0.06248457700102972,0.057181220185884916,0.052300021270870974,0.04781168909335036,0.04368845040044833,0.03990393420296244,0.036433143211484983,0.03325244881817607,0.0303395851835562,0.027673635875991927,0.025235012242250908,0.023005423681930093,0.02096784006963167,0.019106446855862696,0.017406593839494028,0.01585473898001683,0.014438388775993486,0.013146036690872536,0.011967100935642567,0.010891862695155782,0.009911405660429229,0.009017557526145217,0.008202833937950823,0.007460385227458952,0.006783946151159638,0.006167788749671409,0.005606678363213706,0.0050958327755239565,0.004630884409526617,0.004207845461834873,0.0038230758376693987,0.0034732537311790595,0.003155348686777969,0.002866596973494898,0.0026044791051863417,0.0023666993437060574,0.002151167028839998,0.0019559795872508023,0.0017794070822134572,0.0016198781760667336,0.0014759673876629878,0.0013463835373725649,0.0012299592821684983,0.0011256416528292962,0.0010324835142551277,0.0009496358782434893,0.0008763410057978352,0.0008119262431568095,0.0007557985422621369,0.0007074396223724277,0.0006664017350286266,0.0006323039996390639,0.0006048292816336589,0.0005837215894923292,0.0005687839710344922,0.0005598768932139966,0.0005569170933431672
77,0.0006316245700221768,0.0006350938441352809,0.00064553560252572,0.000663051943119964,0.0006878139971520478,0.0007200633886176107,0.0007601142924339569,0.0008083561064323937,0.0008652567569217007,0.0009313666623961029,0.0010073233850703554,0.0010938570053621087,0.0011917962602611938,0.0013020754927787238,0.0014257424664039975,0.001563967105754927,0.001718051232417617,0.001889439373345361,0.0020797307281151924,0.002290692390776846,0.002524273931886136,0.002782623456446557,0.003068105263670733,0.0033833192444075524,0.0037311221613426726,0.0041146509651230935,0.004537348305693598,0.005002990401531094,0.005515717429155413,0.006080066590215372,0.006701008002494735,0.007383983543312159,0.008134948748134734,0.008960417833201718,0.009867511868305038,0.010864010074574557,0.011958404162093223,0.013159955552820037,0.01447875525408762,0.01592578605471335,0.017512986609194422,0.01925331686384281,0.02116082419271481,0.023250709625504816,0.025539393806766484,0.028044583040098277,0.03078533715897072,0.033782143001562306,0.03705699907716578,0.04063351564656003,0.04453702303081159,0.04879464854960684,0.05343526506649449,0.05848917555967572,0.06398753647372309,0.06996207249799039,0.07644645032627229,0.08348009771139045,0.09110761335158898,0.09932897672109915,0.1077577775637996,0.1168933761824586,0.12678156946011898,0.13702249965605903,0.148117915162421,0.1602184931006983,0.17107872977463556,0.1827305441538408,0.19464685352807584,0.20681060353614433,0.2194551376674985,0.2334480203528679,0.24644769666271288,0.26153447393303564,0.2736751026601629,0.28682062124291663,0.3007670845317262,0.3149498087549047,0.32933952839469327,0.34237819402995207,0.3575888704095956,0.37087681674252826,0.3861999228804024,0.3994921814935013,0.41110695390938756,0.4217219866881983,0.4338168374775679,0.4463702149138691,0.45965843596824313,0.46864515733111944,0.47730595499014083,0.48712885753725205,0.49587622286560823,0.5032993618456335,0.5111377070980903,0.5174321073910938,0.5249311781693586,0.5283068934701063,0.5334339218773452,0.5374896407786302,0.5407969675030508,0.5426338140234955,0.5434100766724537,0.5442978002894495,0.544103407451691,0.5400410017324977,0.533906977558984,0.5282057368690329,0.5201768398595907,0.5109214791322226,0.49853192358532333,0.4851785491819266,0.4727202106502361,0.4610054450813505,0.44708862043845465,0.43403963341220675,0.41917568002453276,0.4055855209431643,0.3893926530275088,0.37122357349262447,0.35280488102102603,0.33487602908435804,0.3176446743328373,0.3013342219834228,0.28516683259077974,0.2694608458232124,0.2545982234332087,0.2405337255883455,0.2271739969386995,0.21420719356128795,0.2015106382447392,0.18894275928966814,0.1774958027844654,0.1649437081501522,0.15438635069519435,0.14149444891133767,0.13034708837948245,0.12036886003426644,0.11162916984199954,0.10196359805664343,0.09338480635739088,0.08555820845326069,0.07836236671787147,0.07173371751867184,0.06562767747563328,0.060007198128434296,0.05483876693918352,0.05009090538136413,0.0457336636181022,0.041738513968375274,0.03807837145232758,0.03472762893958532,0.03166217326612347,0.02885937998677883,0.026298091831572952,0.0239585850061991,0.021822525587138587,0.019872917429043402,0.018094043012056908,0.01647139890209426,0.014991627620461589,0.013642447641962114,0.012412583022137677,0.01129169387820745,0.010270308673790982,0.009339759013347118,0.008492117446618895,0.007720138614668116,0.007017203932643603,0.006377269895437134,0.005794820006690331,0.005264820265717475,0.004782678097748316,0.004344204577736146,0.00394557977435766,0.0035833210265611925,0.003254253958186269,0.0029554860351432106,0.002684382473028632,0.0024385443097157586,0.0022157884664542314,0.00201412963157269,0.0018317638123766648,0.0016670534127784919,0.0015185137061981507,0.001384800585040817,0.0012646994793756694,0.0011571153481662107,0.0010610636564467196,0.0009756622611599465,0.0009001241369610778,0.0008337508811726847,0.0007759269442844554,0.0007261145389824134,0.000683849186725048,0.0006487358664218179,0.0006204457348768047,0.0005987133933992574,0.0005833346794128739,0.0005741649660728041,0.0005711179568757424
78,0.0006469690896474542,0.0006505364950056598,0.0006612738525483819,0.0006792868908910717,0.0007047528407281023,0.0007379219674066539,0.00077911973277085,0.0008287496027485485,0.0008872965221935332,0.0009553310837913135,0.0010335144234483468,0.001122603880574571,0.0012234594681003633,0.0013370512040029002,0.001464467363611123,0.0016069237200639166,0.001765773849051648,0.001942520583398301,0.002138828713135711,0.0023565390374431366,0.0025976838860867096,0.002864504239643349,0.0031594685896003775,0.0034852936910516647,0.003844967371706286,0.004241773570683936,0.004679319788327719,0.00516156713308423,0.005692863152285714,0.006277977629193331,0.0069221415176313,0.00763108916669204,0.008411103960188997,0.00926906745786199,0.010212512077104642,0.011249677294540301,0.012389569275126742,0.013642023750679654,0.015017771866385747,0.0165285085885428,0.018186963116402756,0.020006970570903983,0.022003544070124777,0.024192946213963316,0.026592759120188263,0.029221952677796394,0.0321009518150592,0.03525170532192038,0.03869776041776345,0.04246434637380026,0.046578461323896696,0.05106892981540016,0.05596635317712294,0.061302859313172975,0.06711175444737377,0.07342794140143788,0.08029171657467439,0.08776228297446509,0.0959602957578459,0.10522316569269713,0.11353202921849274,0.12299784666902468,0.13334644539052593,0.14447674919613518,0.15649751904430528,0.16882585711403822,0.18124861087408486,0.1931110357178649,0.20620280501542476,0.21885216261487672,0.23115002664368822,0.2452919303869612,0.2584704574080028,0.2729803643214953,0.28776097490462843,0.3012974129229528,0.31566398528568607,0.33034704348216554,0.3454081363352842,0.3585109180110097,0.3728192915977723,0.3872893138521681,0.40317530691729603,0.41809969631240307,0.4304209553535499,0.4433712707560476,0.4575305656843096,0.4704973239311948,0.4808473399005951,0.49183107316180125,0.5003325494365225,0.5107976219698378,0.5198031380295629,0.5290437026223659,0.5377774067375094,0.5425763832454451,0.5488125695128109,0.5546885368043363,0.559096992948855,0.5648594330305291,0.5684671337296481,0.5688515711584903,0.570813121888018,0.5719020316348697,0.5709805402443053,0.5701532964581552,0.5637321915799135,0.5563470833386608,0.5485134897640113,0.538885204440034,0.5257894635216143,0.5113465004083005,0.4976057844025694,0.4857146496632176,0.4716392676113132,0.4580734928261727,0.44107887444053706,0.4250662325424697,0.4089540274070827,0.3901454245604745,0.37074167801328906,0.352839737617661,0.33427848181579894,0.316871425453566,0.300082293600637,0.28379149689047567,0.26826822138600587,0.2535263267434019,0.2396316518470279,0.22602908671073477,0.21244134254620212,0.19904034981552754,0.1868391125783246,0.17340806057066085,0.16104906002918695,0.14871851351533172,0.13722655666328923,0.12658968701723564,0.1167060020847707,0.10709497214741161,0.0981608443065505,0.08991214255045116,0.08230293747955031,0.07528726066318932,0.06882473026511603,0.06287885946591287,0.05741527958406058,0.052400889630193626,0.047803697153959726,0.04359296233500262,0.03973938848633292,0.03621525441427202,0.03299447549535627,0.030052612988497474,0.0273668522937919,0.02491596293660807,0.022680246387632833,0.02064147457227295,0.018782820992129995,0.017088786365923925,0.015545120779014963,0.014138744242351448,0.012857667315035137,0.011690913126679825,0.010628441817539348,0.009661078132505775,0.008780442670456847,0.00797888710125567,0.007249433512913833,0.006585717934596988,0.005981937991674886,0.005432804582188305,0.004933497415921237,0.004479624224275973,0.00406718342836691,0.0036925300416222775,0.0033523445795610425,0.0030436047515112826,0.002763559715396216,0.002509706686148953,0.0022797696998693292,0.002071680348736167,0.00188356031532146,0.0017137055488344562,0.0015605719395784781,0.0014227623612504455,0.00129901496345159,0.0011881926087747299,0.0010892733600121574,0.001001341933357833,0.000923582042963052,0.0008552695708778351,0.0007957665043216395,0.0007445155894397072,0.0007010356572855715,0.0006649175837988739,0.0006358208510935117,0.0006134706825046853,0.0005976557286316162,0.0005882262861181899,0.0005850930351950581
79,0.0006619865144313918,0.0006656503693083938,0.0006766782690765176,0.000695179537849794,0.0007213374473163417,0.000755410822728567,0.0007977363088879769,0.000848731313986702,0.0009088976546512619,0.0009788259313082072,0.0010592006691259068,0.0011508062663537432,0.0012545337989520288,0.0013713887380550464,0.0015024996451045815,0.001649127918494068,0.0018126786753242866,0.00199471286242237,0.002196960702121715,0.002421336590408508,0.0026699555778265135,0.0029451515768423304,0.0032494974529665753,0.0035858271704478748,0.003957260176314309,0.004367228218276565,0.00481950480169013,0.005318237497367353,0.005867983314310513,0.006473747348020654,0.007141024904437187,0.007875847280272356,0.008684831351076177,0.009575233077447955,0.010555004986041215,0.011632857613695697,0.012818324817530046,0.014121832746742224,0.015554772136451114,0.017129573411621905,0.018859783872664765,0.02076014597496024,0.022846675434817602,0.02513673765469662,0.02764912087404421,0.030404104680682865,0.03342352321615479,0.036730823555910765,0.04035112075379208,0.04431124995733017,0.048639808237662986,0.053367156794905675,0.05852531517657597,0.06414765601793947,0.07026842412726043,0.0769225423034115,0.08414678636945773,0.09198270871438051,0.1004742649662134,0.10961586150972089,0.11901019429115153,0.12915127634351528,0.1401575622698878,0.15217492741216182,0.1655860340274279,0.1780010010573157,0.19038227849202077,0.20373298276851448,0.21627368724239635,0.22934906044533865,0.24243904832750657,0.2564051977509932,0.27082465071382644,0.2858166304565866,0.3014797952184677,0.316648625074354,0.33210857713426456,0.3473313342474324,0.36224761146792195,0.3754345595791295,0.3899285177110961,0.4045760728369218,0.420305196310201,0.4349584828656387,0.4480641143515054,0.4629772515460504,0.4783136033843445,0.4898024073651723,0.502620795589252,0.5134219526396977,0.5235325245905688,0.5347908184476007,0.5455821465759609,0.5541500110134638,0.5612011338759771,0.5674225285955254,0.5754602756284093,0.5818944511053249,0.5859994675571438,0.590129642427999,0.5952848408639021,0.5958469386998004,0.5977830284258023,0.6001471564463431,0.5994678574536804,0.59882248777468,0.5940865060844653,0.5845613158707414,0.5753289478732303,0.5645073786345789,0.5522949904613572,0.5384944864068807,0.5225886302517856,0.5083315471679105,0.49412924928846513,0.48145837291798393,0.46397008845060356,0.4462073916612761,0.42792668384029364,0.40959555323237584,0.38921637846463086,0.3700793735684589,0.3516310195603427,0.33361276762710157,0.3163278417874562,0.2990302894484733,0.2826993503667721,0.26717471795410797,0.25329246748887924,0.23930912692232673,0.22457624296415674,0.2092182411546134,0.19534784386570545,0.181929240502662,0.1687901691322044,0.15617321340124524,0.14425402874647858,0.1330059104989797,0.12239112973395025,0.11236779245823658,0.1030127928526638,0.09433384304434626,0.08630601253608844,0.078895384148987,0.07206718752348064,0.06578701499623099,0.06002044347451874,0.054732994478590785,0.049890574519955,0.04546005269539983,0.041409721398524696,0.03770956824945296,0.03433139311503614,0.031248829665962097,0.028437317377112338,0.025874049332345064,0.023537906896758005,0.021409385513188127,0.01947051371866708,0.017704767219989766,0.016096979997868525,0.01463325438886795,0.013300871872082572,0.012088205958481625,0.010984638236106173,0.00998047831415604,0.009066888150780189,0.008235811043079511,0.007479905397044013,0.006792483272351638,0.006167453605314849,0.005599269946941358,0.005082882507146459,0.004613694266444613,0.004187520899450203,0.003800554247322203,0.0034493290765192017,0.0031306928669780605,0.0028417783825685295,0.0025799787892007847,0.002342925100318818,0.002128465744945454,0.001934648069360289,0.0017597015994261322,0.0016020229061775653,0.001460161932284127,0.0013328096512160723,0.001218786944254897,0.0011170345928416478,0.0010266042951260854,0.0009466506259870142,0.0008764238692825911,0.0008152636597218393,0.0007625933795991776,0.0007179152627832619,0.0006808061648826192,0.0006509139645053403,0.0006279545660673278,0.0006117094797578623,0.0006020239591122412,0.0005988056812338128
80,0.0006766337251522918,0.0006803920319532643,0.0006917044648282688,0.000710683894374663,0.0007375195515431977,0.0007724787070027133,0.0008159090412413123,0.0008682417246918512,0.0009299952331091542,0.0010017799296942328,0.0010843034521364158,0.0011783769499096866,0.0012849222248981797,0.001404979836821355,0.0015397182440627338,0.001690444060451906,0.0018586135193708515,0.002045845248296986,0.0022539344695734096,0.0024848687567885744,0.002740845490575047,0.0030242911727486515,0.0033378827732574693,0.003684571300025295,0.0040676077969363875,0.004490571989219537,0.00495740380744882,0.00547243803016857,0.00604044228943948,0.006666658681872268,0.007356849218308749,0.008117345326497218,0.008955101591123569,0.009877753872536659,0.010893681887208278,0.012012076256176613,0.013243009927259472,0.01459751374440073,0.016087655761056224,0.017726623659197686,0.01952880932803356,0.021509894274024235,0.02368693409657554,0.026078439828799913,0.02870445360919879,0.03158661604598223,0.034748222865189346,0.03821426895031003,0.042011478208524675,0.046168316346172335,0.050714977074629616,0.05568331422299613,0.061106657642654647,0.06701941417629637,0.07345638118755413,0.08045187104846882,0.08803887277419352,0.09624754761464857,0.10509863320584628,0.1145822827456229,0.1246356199715563,0.13541157231407158,0.1470493130892882,0.159722104253014,0.1736005375727403,0.18796205198463595,0.19972922878041188,0.21315079167512888,0.22711733246643903,0.2412341556519145,0.2543443862537453,0.268714657243959,0.2843988878153607,0.29971961253324303,0.3173922811494658,0.33345544091928614,0.3505048227145764,0.3666140748903341,0.3797806281115355,0.3935391378275252,0.40920056566294,0.42333087232918504,0.43804640632057434,0.4527582653467752,0.46651819520382565,0.48157052676791157,0.4987336773388766,0.509942796915502,0.5224530106477288,0.534896241763185,0.5480272836019114,0.5587173366709064,0.570283268347336,0.5802946712210908,0.5882152052243145,0.5933375477600891,0.6002754316499115,0.60567258019208,0.6114612906744605,0.6160666687045729,0.6200325252128908,0.6240979346866304,0.6266672979438161,0.6272666597164813,0.6268015146671038,0.6261931004513668,0.622876505104027,0.6122156875802993,0.6033278795310012,0.5923127228399164,0.578411842056898,0.5631661787064551,0.5481374479326463,0.5331952558497913,0.5171834093360063,0.5022096643873134,0.48596485527645816,0.4665347933352916,0.44837124174482185,0.4299037956194093,0.4085369208520108,0.3885482201915258,0.37051263049821265,0.35159024976805825,0.3344588304642777,0.31505317209776323,0.297964121608334,0.280765155188825,0.2653771905924978,0.25166099469701714,0.23557817626669164,0.21927588074383458,0.20466765020135322,0.19136409144624897,0.17715007422189658,0.16399515207659487,0.15159453922001878,0.13979679149430524,0.12841949126373087,0.11782675648305997,0.1079789455538939,0.098837178823655,0.09037122076527362,0.08255077483844131,0.07534472199375988,0.0687204240709745,0.06264322481438545,0.05707694658532561,0.05198500602516846,0.047331520752277444,0.04308208306655388,0.03920417421690164,0.0356673234596392,0.03244312544292864,0.029505192523696235,0.026829080899536825,0.024392205845652982,0.02217375071478889,0.02015457116336497,0.018317095835838543,0.016645225127161094,0.015124229827457801,0.013740651336691305,0.012482204843242351,0.011337686514547626,0.010296885423404756,0.009350500659397208,0.008490063855917947,0.007707867194347653,0.006996896820255725,0.006350771514341865,0.0057636863964239254,0.005230361398300269,0.004745994215901643,0.004306217438780929,0.003907059552416625,0.0035449095134454434,0.003216484607770101,0.0029188013149454226,0.0026491489181206794,0.002405065616174205,0.00218431691279294,0.0019848760755619053,0.0018049064762029744,0.0016427456406103709,0.0014968908540328924,0.0013659861824859435,0.0012488107861406735,0.0011442684139868827,0.0010513779814987248,0.0009692651443794944,0.0008971547917813303,0.0008343643917624502,0.0007802981302445675,0.0007344417924579519,0.0006963583429041312,0.0006656841663176667,0.0006421259380561591,0.0006254580978740423,0.0006155209062176244,0.0006122190670876383
81,0.0006908677512055397,0.0006947181945160248,0.0007063081932281745,0.000725754101260016,0.0007532510032788023,0.0007890744670402397,0.0008335830170719276,0.0008872213504420941,0.0009505243217606568,0.0010241217313334743,0.0011087439576219708,0.0012052284829419196,0.0013145273697622853,0.0014377157541337077,0.0015760014327807145,0.0017307356313206596,0.0019034250530032446,0.0020957453203562736,0.00230955593620671,0.002546916905710639,0.002810107177203476,0.0031016450767269643,0.003424310928754602,0.003781172073544146,0.004175610509156578,0.004611353402765981,0.00509250673049862,0.005623592316504862,0.006209588548879079,0.0068559750507919195,0.007568781578020187,0.008354641397067526,0.009220849369235657,0.010175424922954483,0.01122718003614281,0.012385792267152817,0.013661882758272438,0.015067098975973303,0.01661420172729561,0.018317155678106465,0.02019122217513997,0.022253052632893348,0.024520780110828904,0.02701410603712303,0.029754378428637474,0.03276465752129046,0.03606976454221391,0.039696309419467043,0.0436726933008507,0.0480290809705767,0.052797334202833446,0.05801088470415722,0.06370449804238018,0.06991383966040608,0.07667473053035864,0.08402202373296877,0.09198809498721175,0.1006006972016722,0.10987927914154658,0.11983074305133343,0.13045812553051978,0.14179879082820585,0.15400233296235968,0.16730575484394591,0.1824026617631343,0.19503833150360086,0.20850211858074558,0.22320866927997815,0.2391190305223177,0.2523640931399311,0.26653606511527306,0.2814264765340964,0.29693639961278573,0.31306364036436063,0.3301727500807442,0.34772983376918837,0.3647957565930482,0.38052195461366417,0.39579611141568255,0.4103902003804185,0.426206913197979,0.4409040615979907,0.4553694035012058,0.47104866120946004,0.48640263241192905,0.5005519669318023,0.5164048463740709,0.5308746071527146,0.5447712476336934,0.5581386027440565,0.5708651566738312,0.583978394724215,0.5954075980272383,0.607793869042489,0.6144959737723674,0.620212873355472,0.6259813365925928,0.6321351151535946,0.6372397993666765,0.6416690488408678,0.6474385475865383,0.6531666721501475,0.6567667721365122,0.6580382241651733,0.6571431109731638,0.6567390691268192,0.6490662646872016,0.6411616137036771,0.6313607531673809,0.6188787291250177,0.6050302659190323,0.5898508952552532,0.5759740132705011,0.558290859144719,0.541599543180825,0.5233249857891374,0.5066364231634515,0.48767215411002585,0.4678050765887765,0.44907899017473596,0.4277118407654455,0.4073513443220282,0.38916437900337525,0.370009313038578,0.35042830804870473,0.33072856617461244,0.31199465404027166,0.29431626351512535,0.27745211957437477,0.2615036065790515,0.24509019964473253,0.2290719592773673,0.2140378225561014,0.19975753800271906,0.18566133654609024,0.17211711237907112,0.15927660636672147,0.14734103822268985,0.13473506017151066,0.12346047103812705,0.11306330459895306,0.10342112383780562,0.09449030170730369,0.08624055870503913,0.07864260215868296,0.07166437419562502,0.0652699443114263,0.059420509262034196,0.05407626007100643,0.04919803955442756,0.04474839371473985,0.04069207578662327,0.03699620254025322,0.033630236779099945,0.030565901005753474,0.02777707066725154,0.02523966335893154,0.02293152706862568,0.02083232715505682,0.018923432051672646,0.01718779861288899,0.015609858562516258,0.014175407579112441,0.012871498342224851,0.011686338543308285,0.01060919454088629,0.009630301057497348,0.008740777088879636,0.007932548021569556,0.007198273826413511,0.006531283104286666,0.005925512698991034,0.005375452554262161,0.004876095471509337,0.0044228914178379665,0.0040117060364782044,0.0036387830212008983,0.0033007100305309893,0.0029943878349813205,0.0027170024099321226,0.002465999707273067,0.0022390628598214137,0.002034091593309476,0.0018491836410006082,0.0016826179754491346,0.0015328396903541257,0.0013984463827293736,0.0012781759016429269,0.001170895344541104,0.001075591195677864,0.0009913605134673916,0.000917403084736736,0.0008530144739640161,0.0007975799047438663,0.0007505689190279751,0.0007115307672478918,0.0006800904893402492,0.0006559456530572019,0.0006388637218473962,0.0006286800301192315,0.0006252963489265058
82,0.0007046459918464945,0.0007085859383596709,0.0007204455771958804,0.000740344668058665,0.0007684840195844554,0.0008051473138812033,0.0008507036827254307,0.0009056110576299231,0.0009704203228737497,0.0010457803078748698,0.0011324436630834706,0.0012312736719856054,0.001343252060939237,0.0014694878785277985,0.0016112275270183927,0.0017698660404565792,0.001946959717010725,0.0021442402274714756,0.0023636303373628675,0.0026072613969358015,0.0028774927713375825,0.0031769334023477305,0.0035084657129985488,0.003875272086781145,0.00428086417342825,0.004729115292720323,0.005224296225414061,0.005771114695040343,0.0063747588545328936,0.00704094509580482,0.007775970496711593,0.008586770206416013,0.009480980044854766,0.010467004552020445,0.01155409066379855,0.012752407105626,0.014073129470192063,0.015528530759673927,0.017132076896491547,0.018898526303415084,0.020844032092406175,0.02298624467103226,0.025344411703016788,0.027939471416417,0.030794134336287648,0.0339329477201486,0.037382336373377546,0.04117061324649546,0.04532795352553075,0.049886327030974176,0.05487938488126848,0.06034229396724283,0.06631149901634523,0.07282435789473862,0.07991854142365293,0.08763103401455613,0.09599655762614348,0.10504539631126561,0.11480180095118853,0.1252906958261054,0.13655330814362568,0.14833341558629526,0.1609366231583802,0.17428994371458267,0.1884360792713863,0.20248100565402744,0.21719838163689323,0.23323231031711522,0.2484798403762335,0.264262157608842,0.2795970233790785,0.29508281394639413,0.3103800845517676,0.32703838085339576,0.3442949105069849,0.3617612239741458,0.3779601036466501,0.39578525545616744,0.41064720264861876,0.42656037536305874,0.44319664190688085,0.4579120936739953,0.473948772776373,0.49217081518227024,0.5067507479816431,0.5207597467492426,0.5365042738848453,0.5518993848386707,0.5668166426302401,0.5812991937182872,0.5957972155082659,0.6100783239492709,0.6217512753943906,0.6336447780879889,0.6408183496625998,0.6467708619313705,0.6519761823175164,0.6565335544236283,0.6631836609917132,0.6684469444271054,0.6744069121249083,0.6809996461013497,0.6860253149037692,0.6876168370034462,0.6873470905566482,0.6856089164196227,0.6777409413482551,0.6685160383150791,0.6583322239906279,0.6466017167033802,0.6319384764849548,0.6172194278638986,0.603824347084696,0.5850419329223759,0.5637339257745057,0.5452015006676034,0.527661164896508,0.5083811049240368,0.48800048815022506,0.46665862512589906,0.4460114511452671,0.4260052073168718,0.4078692655187875,0.3880202319753836,0.36868824414298484,0.3474802819713265,0.3269437551667848,0.30886701317987325,0.29027018479018896,0.2733865531329542,0.2556988383504678,0.2393018075128907,0.2240325487911145,0.20931153126210253,0.19486770481212212,0.18057249419898805,0.16698197032638087,0.15368146052826404,0.14096574579037527,0.12922022776099487,0.11825439747383287,0.10807112984265296,0.09864380547293641,0.08994318690681027,0.08193974004256276,0.07459972156857342,0.06788393386497321,0.06174945133678415,0.056152259698997745,0.05104935063321439,0.04639990714062686,0.04216578445859353,0.03831159379994617,0.03480461264793826,0.03161464130785516,0.02871385421787315,0.026076658441157162,0.023679558515106478,0.021501024573657105,0.019521362042119166,0.0177225828912322,0.01608827943542547,0.014603501977139968,0.013254641501867497,0.012029318353042816,0.010916277503481757,0.009905290756796616,0.008987065980823794,0.008153163297759653,0.0073959180265604834,0.006708370084016943,0.006084199493547062,0.005517667617823624,0.005003563716685665,0.004537156430401072,0.004114149796370363,0.003730643421853468,0.0033830964540831673,0.0030682950106040285,0.002783322755677716,0.0025255343322676876,0.0022925313828225484,0.0020821409153419937,0.0018923957936764582,0.0017215171524205455,0.0015678985569284871,0.001430091747791793,0.001306793826516735,0.0011968357551126964,0.0010991720568819413,0.0010128716189484674,0.0009371095090629463,0.0008711597300725855,0.0008143888452586531,0.0007662504166337696,0.0007262802063690922,0.0006940920988980097,0.0006693747080224259,0.0006518886396282159,0.0006414643864891535,0.0006380008371881035
83,0.0007179264416768956,0.0007219529420710908,0.0007340733424682528,0.0007544107163295505,0.0007831714421028525,0.0008206470987968005,0.0008672171430682318,0.000923352391513687,0.00098961933921238,0.0010666853533762722,0.0011553247893339438,0.0012564260851249164,0.001370999900830415,0.001500188379538618,0.0016452756186607998,0.0018076994532994768,0.0019890646676311635,0.0021911577658978386,0.002415963451667562,0.0026656829825485295,0.0029427545874844063,0.003249876155001446,0.00359003042308992,0.003966512924414216,0.004382962963717565,0.004843397926878393,0.005352251242125349,0.005914414332242256,0.006535282910804315,0.007220807984037606,0.007977551921138408,0.008812749948081983,0.009734377401062397,0.010751223042808629,0.011872968692916,0.013110275342102195,0.014474875791866052,0.015979673655641624,0.017638848232613392,0.019467964270459912,0.02148408492461945,0.023705885284570447,0.026153762705848807,0.028849938937553284,0.03181854774773419,0.03508570045182077,0.03867952046004884,0.042630136952858416,0.04696962809284518,0.051731907873550594,0.056952560119521274,0.06266863800570968,0.068918460388657,0.0757414276550247,0.08317780772272708,0.09126823221333233,0.10005229675482188,0.10956601763164497,0.11984438408501413,0.13097353123160763,0.14336329137464188,0.1551518093155667,0.1682067062839402,0.18163786191987988,0.19580226386582725,0.21048689890767164,0.22576963344817075,0.2418414394489528,0.25826102424454317,0.2753914396258372,0.2910834891251705,0.30739099919944224,0.32410345913355176,0.34206308104617894,0.35970894675126514,0.3759314701800087,0.39233628324084885,0.4095739769941027,0.4265659708771479,0.44399439515768546,0.46129725856028275,0.47611533669992107,0.4927809624364908,0.5095619530321698,0.5267374414804863,0.5417440550153009,0.5598176040345535,0.5759720055249892,0.591625754713843,0.6036752040840089,0.6185015847468631,0.6334852589436663,0.6472900155965735,0.6571962242586308,0.6644663082516769,0.6705573787416527,0.6758166867707196,0.6822111398339529,0.6901374155449151,0.6971361727019628,0.7040894151435014,0.7081574398966287,0.7105856874042583,0.7134714674371844,0.713584094008167,0.7113154015515306,0.7043723317119823,0.6953689218450825,0.6843060380336844,0.6703994259579412,0.6552556171461578,0.642133636706703,0.6278233362169783,0.6077625802201883,0.5860567727562959,0.565980856915779,0.5478109521875624,0.5296585422891235,0.5079661131513584,0.4858410546629829,0.4657406253993636,0.44490376925917763,0.4272409688410804,0.40724613815167016,0.384116877542806,0.3622363468167827,0.3413551530580414,0.32248743392435614,0.3030316446680733,0.2843654333469713,0.26646253726476016,0.24978885829573613,0.2348391029325025,0.21993608918040747,0.205232309024535,0.18952659529485955,0.17551903256634802,0.16077720583071642,0.14742833491761914,0.13520972062505135,0.1235440322141568,0.11275826140158543,0.10279904569418134,0.09362706782486725,0.08520822820202692,0.07750307756961335,0.07046601161286714,0.0640480598830935,0.05820002038354597,0.05287460184449726,0.048027460803262104,0.04361750313462934,0.03960682354538446,0.03596051603070295,0.03264646445402577,0.0296351495428995,0.026899475974452473,0.024414613411491023,0.022157845391366254,0.020108422706337517,0.018247420361183965,0.016557598610994245,0.015023269123529337,0.01363016732660771,0.012365331776242007,0.011216991086972682,0.010174458686004991,0.009228035420044549,0.008368919865206137,0.007589126061985841,0.006881408311022436,0.006239192612518072,0.005656514304735125,0.005127961448172381,0.004648623506443028,0.004214044888384014,0.0038201829354443384,0.0034633699617001522,0.003140278979335646,0.002847892768979964,0.0025834759810932366,0.002344549981064271,0.002128870176390036,0.001934405588938513,0.0017593204586261427,0.0016019576867157175,0.0014608239472692474,0.0013345763140356365,0.0012220102672231884,0.0011220489602482369,0.0010337336407393377,0.0009562151329092322,0.0008887462999967892,0.0008306754159491602,0.0007814403849844595,0.0007405637562703498,0.000707648488792862,0.0006823744286854388,0.0006644954679463019,0.0006538373596910617,0.0006502961709580728
84,0.000730667918590123,0.0007347777114105637,0.00074714905359839,0.0007679082258426713,0.0007972669978130324,0.0008355245932064891,0.0008830704655328381,0.0009403879098038874,0.0010080585431255658,0.0010867676955206408,0.0011773107612558637,0.0012806005706391538,0.001397675852823668,0.001529710871744035,0.0016780263300549421,0.001844101649980463,0.0020295887554424926,0.002236327496830396,0.0024663628783858403,0.0027219642684489127,0.0030056467947253856,0.003320195150188034,0.003668690060004293,0.004054537685635092,0.004481502268452121,0.004953742341155006,0.005475850860010567,0.006052899633361364,0.006690488440683371,0.007394799250357357,0.008172655951903541,0.009031590018373873,0.009979912505313618,0.01102679277150984,0.01218234426795254,0.013457717672992895,0.01486520153044145,0.016418330334341716,0.018131999643323155,0.020022587233036866,0.022108078451934497,0.02440819281781421,0.02694450752202296,0.029740571967179125,0.032822005760436784,0.03621657055029748,0.039954203453170356,0.044066996725609126,0.048589106605944773,0.05355657872257764,0.05900709599682724,0.0649796951731357,0.07151456191771406,0.0786530883268596,0.08643837881410052,0.09491600112192763,0.10413336232097613,0.11413382146726016,0.1249415853634967,0.13653539891311892,0.1490076500876355,0.16194432390619148,0.17622296501660248,0.18941734895693452,0.2039079773723018,0.2191578567478649,0.23482485361132172,0.25136852490199724,0.26858787058603634,0.2864623847259706,0.3036439795591255,0.3210542904838294,0.3383424237209633,0.3556553716101011,0.3739939694679978,0.39168380462725005,0.408498981801726,0.4259484668760092,0.44430271258091436,0.4606704420199874,0.4780105691678366,0.49514401577930006,0.514116416731187,0.5290384142235569,0.5455692592489324,0.5624017804853307,0.5810178572263324,0.6000111630135122,0.6123814545215409,0.6255636001008416,0.6401344563469322,0.654832313701476,0.670483378225423,0.6801874227288554,0.6890575281912811,0.6950016810456568,0.7019306513318069,0.7098720851513037,0.7177622088735786,0.7252446963613034,0.7334992479060051,0.7359426934514492,0.7367315013809836,0.7387249989370536,0.7380790588775481,0.7351331347630627,0.7284375080787328,0.7208744041973882,0.7094791400538452,0.6950259209306527,0.6797641995061305,0.6642786729160536,0.6476645578792528,0.6286997681433564,0.6097699813609975,0.5877501903576129,0.5675521291319134,0.5472991379329386,0.5274012389374607,0.5052757308060943,0.4851720421430585,0.46280485940548427,0.44183742756855027,0.4219745498354973,0.40026953722459363,0.37797380718996565,0.3556852684522219,0.33527040877681247,0.3167014638212432,0.29614413742257084,0.2774475585296311,0.25993166742403984,0.24369093710083167,0.22843322074376668,0.2146558683955792,0.19808410637709312,0.18280806982275935,0.16776054087113354,0.1539187162105317,0.14166462829042248,0.12885616874713868,0.11743027805735202,0.1069116013112602,0.09725279675604732,0.08841557620402943,0.08034882452510184,0.07299608081051588,0.06630029042677166,0.06020643124746453,0.05466286657019302,0.04962182296864975,0.0450393637743949,0.0408751487571659,0.037092146068157986,0.03365636526460317,0.030536626652625895,0.027704360699549978,0.025133426959663835,0.022799944403124453,0.020682128757252446,0.018760135343129956,0.01701590753220183,0.01543303162744333,0.013996599075229177,0.012693076736608765,0.011510185674193242,0.010436788638702435,0.009462786208411405,0.008579021357168676,0.0077771921003611045,0.007049771785590948,0.006389936546863514,0.005791499419208013,0.00524885060761288,0.0047569034141908976,0.004311045346242857,0.003907093952184006,0.0035412569598800105,0.003210096321234839,0.0029104957967909955,0.002639631743882471,0.0023949468009858196,0.002174126188960215,0.0019750763765770396,0.0017959058829196493,0.0016349080127580008,0.0014905453428020275,0.0013614357967935199,0.0012463401657335045,0.0011441509462214489,0.0010538823849930846,0.0009746616313953218,0.0009057209118534842,0.0008463906514995036,0.0007960934781737451,0.0007543390531200398,0.0007207196809908495,0.0006949066593881658,0.0006766473351989075,0.0006657628415463644,0.0006621464953691111
85,0.0007428302923043743,0.0007470198098837787,0.0007596313506825898,0.0007807942816931922,0.0008107255609600302,0.0008497317701321013,0.0008982119861761502,0.0009566615188745004,0.0010256765490382093,0.0011059597112116422,0.0011983266741624505,0.001303713782781974,0.0014231868363124402,0.0015579510902213928,0.001709362582715718,0.0018789409019814298,0.002068383526897811,0.0022795818923369063,0.002514639350326156,0.0027758912203857317,0.0030659271462546763,0.003387616001909255,0.003744133617060365,0.004138993620862844,0.004576081731881066,0.0050596938517512725,0.005594578348596642,0.00618598294306789,0.006839706633802409,0.007562157119060912,0.008360414186425875,0.009242299552052687,0.010216453634279716,0.011292419741485517,0.012480736135373639,0.01379303638484975,0.01524215832477835,0.016842261730698853,0.01860895444669289,0.020559426080739136,0.022712587449497307,0.025089212706293405,0.027712079582993945,0.030606101477435404,0.03379844308483199,0.03731860831116183,0.04119848425598527,0.04547231740575111,0.050176589764769505,0.05534976130630388,0.061031866013686556,0.06726401165083748,0.07408796594534446,0.0815462736450005,0.08968377309452508,0.09855139707357156,0.10821006165845168,0.11872147987530314,0.13009270256588532,0.14192668151574783,0.15464751637601407,0.16819595358170747,0.18313498225522618,0.19716115404329818,0.2128307092009705,0.22877962751709965,0.24433614311909654,0.2616123457752709,0.27964256686219213,0.29646690527965935,0.31429002961266883,0.3333330714268634,0.35118763652069857,0.37042186385577724,0.388751395541518,0.4055906670843748,0.4223589875627816,0.4407746536847131,0.45991892969573966,0.478980566617451,0.49796146657944707,0.5151319133638589,0.5321096189791312,0.5479320512191966,0.5652405530839716,0.5840444137326612,0.6040589238606827,0.621233088003598,0.6351582134589421,0.6488237094897384,0.6643288968666141,0.6780607384627579,0.6924495949952602,0.7039474702267173,0.7131320320320457,0.7216225049479384,0.7306076863387736,0.7401107379255488,0.7496226996003097,0.7559291649786319,0.7624933962436226,0.7649710119267591,0.7643760416983569,0.7627043123001942,0.7634286929446203,0.7591597459055177,0.7510269790145677,0.7433773329432107,0.7329739824157709,0.7179174079649757,0.7025857356629462,0.6895428398003298,0.6722734906110212,0.6525353413208334,0.6329694258228767,0.6103775481437554,0.5895268350397691,0.5673458402155984,0.5483977471627506,0.5250744173559417,0.506034363065329,0.48178615164883,0.4580603330192941,0.43767874622762093,0.415961021904998,0.39256143072550403,0.3701255736103864,0.3480441336959299,0.32755781768327186,0.3076283790943541,0.2887148678418966,0.2701857597811879,0.252884503329183,0.2367327148810796,0.22162078509518257,0.20662576921489098,0.19115444530880504,0.17478807239665317,0.1599758905048393,0.14646769974585794,0.13372127774958856,0.12203965760050761,0.110939560189732,0.10077962429357797,0.09152968081418614,0.08311291399767966,0.07545567724407225,0.06849133680878981,0.062159195113184205,0.05640371546590095,0.051174056082556714,0.04642367129004328,0.042109929273875864,0.038193764481099395,0.034639377765943405,0.031413980942483724,0.028487574383636482,0.025832746212371135,0.023424484975156416,0.021240001355412173,0.01925855720374294,0.017461301750306902,0.015831115573385943,0.01435246305446836,0.013011253919139664,0.011794714219460782,0.010691266856187055,0.00969042151555761,0.008782673722226833,0.007959412587779107,0.007212836756410903,0.0065358780067035945,0.005922131952077721,0.005365795284941762,0.004861609024748324,0.0044048072536753136,0.003991070852241084,0.0036164857785919323,0.003277505467925036,0.002970916961480571,0.00269381040703621,0.0024435516043690986,0.0022177572993658454,0.002014272959114221,0.0018311527872329537,0.0016666417637829513,0.0015191595173038469,0.001387285857830903,0.0012697478192074383,0.0011654080766902114,0.0010732546218501556,0.0009923915912193504,0.0009220311581612274,0.0008614864091860571,0.0008101651365408293,0.0007675644885127262,0.0007332664276341596,0.0007069339549933371,0.0006883080662577984,0.0006772054119210779,0.0006735166407882599
86,0.0007543747115481174,0.0007586400879800748,0.0007714801847965152,0.0007930273202002283,0.0008235034138831712,0.0008632220847118635,0.0009125916150183589,0.0009721188095510656,0.0010424137859111721,0.0011241957426541401,0.0012182997613168296,0.0013256847095922848,0.0014474423248765857,0.001584807570622427,0.0017391703725231624,0.0019120888576899537,0.0021053042378382956,0.0023207574972189944,0.002560608067736832,0.0028272546974804514,0.0031233587447615434,0.0034518701576685957,0.0038160564289087913,0.004219534847033367,0.004666308397550371,0.005160805700289208,0.005707925401905138,0.006313085473713171,0.006982277894251272,0.007722129222418067,0.008539967590431317,0.009443896666422733,0.010442877154616375,0.011546816416053981,0.012766666800041019,0.014114533261925594,0.015603790775958939,0.017249211879056682,0.01906710432554816,0.02107545821118153,0.023294100985201675,0.02574485753982708,0.02845171115930998,0.03144095959261165,0.03474135854494656,0.0383842411707046,0.04240359414007763,0.04683605573794543,0.05172077987747524,0.05709909160179069,0.0630138641767872,0.06950859549996216,0.07662629448941773,0.08440874254525019,0.0928981981522613,0.10214671194683084,0.11223790082420099,0.12330599258076053,0.13567496360372733,0.14728070043622588,0.16016705751512714,0.17399650603203254,0.18885992946827995,0.20478727020079307,0.220432757926443,0.23717936366710043,0.2536108800213242,0.2728270532736566,0.29014529040673726,0.3068756981884655,0.3252615482179417,0.3453149260379687,0.3646285022817087,0.3850539869475764,0.40113436826477405,0.41859653104092437,0.43702806326190646,0.45718282948254857,0.4781446255048327,0.49707287916344034,0.5168987668360712,0.535074085913,0.550550976817812,0.5675253580110542,0.5863248822564306,0.604175405990401,0.6239777709571821,0.6436530337209624,0.658369492489258,0.673367331408358,0.6900703673592781,0.7033384513531599,0.7157494607299322,0.7276184445302007,0.738022204367883,0.7478194496788526,0.7588895035621415,0.7685273656982406,0.7754156665975831,0.7835117751693933,0.7892178571295055,0.7902757177852177,0.7895789529082283,0.787404434833974,0.7851962001010404,0.7812236403327953,0.7761896609838342,0.7679664316282762,0.755087427285332,0.7398186835371275,0.7256042852790212,0.711138522936328,0.6949658210122859,0.6734008876234405,0.6521144211560417,0.6308437735254969,0.6085443762965249,0.5846929945151607,0.5638761144952926,0.5430968075076036,0.5214124919014244,0.4964062555656634,0.4736276876523103,0.4507356950840565,0.42919788614608045,0.40515860538064635,0.38294102541598934,0.36098343613932055,0.3394564151635925,0.3196036809230042,0.3010473775293885,0.2805959838692217,0.26225505923142234,0.2453411478967778,0.22975403742210593,0.21365322465935221,0.19838227484177307,0.1814638001564755,0.16587421424934612,0.15157666898711292,0.1385028028994964,0.1269665323614913,0.11485479351668629,0.10416296216550533,0.09452224195161987,0.08577662608208865,0.07783039333747939,0.0706089620914008,0.06404754554941633,0.05808763109004797,0.05267578458580312,0.04776309428722362,0.043304772177580206,0.03925980818292622,0.03559066411796614,0.03226300375640232,0.029245451953354058,0.02650937484408696,0.024028674883713103,0.021779596937953418,0.01974054368632104,0.017891899936459617,0.01621586613036955,0.014696301534829004,0.013318577540593925,0.012069441297537937,0.010936889683654322,0.009910053398425293,0.008979090808051633,0.008135091055466146,0.007369985876721928,0.006676469528666288,0.006047926221987874,0.005478364461162126,0.004962357712533772,0.00449499084931804,0.004071811854503022,0.0036887882972968843,0.0033422681343917592,0.00302894442290365,0.0027458235667126097,0.002490196751602072,0.002259614256755064,0.002051862360581631,0.0018649425873740204,0.0016970530678223153,0.001546571810934688,0.0014120417074007458,0.00129215710496212,0.0011857518149939413,0.0010917884263639036,0.0010093488178519673,0.0009376257741261448,0.0008759156226280569,0.0008236118198772686,0.0007801994258047253,0.0007452504139160352,0.0007184197735005525,0.0006994423678691511,0.0006881305198403158,0.0006843723025102683
87,0.0007652638279208745,0.0007696009090783506,0.000782657050076637,0.000804567371415636,0.000835558504409431,0.0008759507512296932,0.0009261611378492258,0.0009867073893293319,0.001058212866118344,0.0011414125098774424,0.0012371598579800829,0.0013464351974080166,0.0014703549414636415,0.0016101823267164234,0.0017673395430866318,0.0019434214271300573,0.002140210867604954,0.0023596960934457213,0.0026040900374794877,0.0028758519947032126,0.0031777118217306407,0.0035126969540770527,0.003884162550122535,0.004295825104594971,0.004751799909804396,0.005256642779051057,0.005815396482910662,0.006433642384727335,0.007117557795998189,0.007873979605162625,0.00871047476501987,0.009635418255833281,0.010658079174946229,0.011788715640435394,0.013038679232834686,0.014420529722009783,0.015948160804279538,0.01763693745119746,0.019503845167134576,0.02156765089143821,0.023849074442030042,0.026370968381339926,0.029158503217399323,0.03223935407885927,0.03564388390167015,0.03940531454886474,0.043559866467095275,0.04814682348736522,0.05320844084821619,0.05878957296309194,0.06493686842966438,0.0716973317665268,0.07911588748312737,0.08723154208472758,0.09607400238576061,0.10567398544845555,0.11611871550593093,0.1274755378634734,0.1397077844587891,0.152317885020826,0.16571168996146457,0.17982664253905864,0.1946594577535784,0.21046959051698194,0.2272379918740176,0.24380792396978435,0.2617698753289631,0.28177438358240703,0.2997656046134313,0.3170523423034599,0.33639111322806114,0.35660191349994314,0.3757148505826243,0.39643961414042483,0.41432059500387386,0.43286563525551264,0.45218967778081187,0.47192378994120954,0.49446765570383716,0.5134708192016326,0.5361354808701889,0.5536391198860753,0.5699322689784021,0.5876865266198193,0.6078261806817689,0.6248605015010931,0.6453723942243333,0.6639039503912202,0.6811167606095244,0.6993800129513817,0.7160120038755479,0.7295205324039882,0.7426297950247361,0.756346317207143,0.7645317026727717,0.7729629015664412,0.7825662240807183,0.7929165888745069,0.8024712735934026,0.8100358190250679,0.8140459299132031,0.813652693823923,0.8124261322794782,0.8085788481519502,0.8057841466069677,0.8014107610077895,0.7952314489351777,0.7881483823062642,0.7763429104178523,0.7603728698875625,0.7484441426299948,0.7319500546069114,0.7142460523057054,0.6939320782050492,0.6735543828599126,0.649360827284157,0.6288748037676598,0.6022076699221878,0.578961362082443,0.5579708001242224,0.5347562847021207,0.5112416599582145,0.488463902991866,0.46496720923093443,0.4409347071125822,0.4184967012054637,0.3942637753753851,0.3719793467908289,0.3512750001404984,0.3318093367421704,0.31024351056160104,0.2902662702349989,0.27156013751498925,0.25425628565437713,0.2367292518259565,0.22121490985610595,0.20520649828833903,0.1879464715287763,0.1715925673834599,0.15654068518892364,0.14277311782068836,0.13018063669160712,0.11823935006108535,0.10731321924460198,0.09737051930611768,0.08832936511647178,0.0801109473537167,0.07264378938755342,0.06586233201169689,0.05970607584666323,0.054119280621775595,0.04905076135064597,0.044453626899659475,0.04028497571438159,0.036505589264967234,0.03307964491133351,0.029974452937218517,0.027160215079730342,0.02460980036473769,0.02229853487966854,0.02020400345384448,0.01830586234883497,0.016585662777838572,0.015026685394229706,0.013613785926667727,0.012333252016545431,0.011172671132423106,0.010120809257962916,0.009167499905253566,0.008303542903306302,0.007520612349297661,0.006811173080491697,0.006168405019530617,0.005586134757731167,0.005058773764464568,0.004581262641403583,0.004149020875381911,0.003757901580743525,0.0034041507599411095,0.0030843706488093833,0.002795486749733615,0.0025347181914023432,0.0022995510876587383,0.002087714599925917,0.001897159437629806,0.0017260385588912294,0.00157268985947223,0.001435620661552553,0.0013134938354344488,0.001205115406815695,0.0011094235199480206,0.0010254786429471849,0.0009524549158915407,0.0008896325552946541,0.0008363912402228234,0.0007922044159058726,0.0007566344603093066,0.0007293286679399581,0.0007100160132787919,0.0006985046637975591,0.0006946802196356928
88,0.0007754620144359997,0.0007798663700050827,0.0007931252103641716,0.000815376296046046,0.0008468506974514248,0.0008878750140816897,0.000938874511646322,0.0010003772078245726,0.0010730189471199112,0.001157549515571573,0.001254839857247175,0.00136589046661053,0.0014918410442256416,0.0016339815180160871,0.0017937645486493133,0.0019728196557604943,0.002172969121868744,0.0023962458531544585,0.0026449134009193438,0.0029214883746572625,0.003228765507279718,0.003569845665134495,0.003948167129889974,0.004367540515858168,0.0048321877244782594,0.005346785376923167,0.00591651320547888,0.006547107923858072,0.007244923135554069,0.008016995877868024,0.008871120438421623,0.009815930123073408,0.01086098770246076,0.012016885321754793,0.013295354723514135,0.014709388695144526,0.016273374679716266,0.018003241425847923,0.019916619324813627,0.022033014633914806,0.02437399714867986,0.026963400279244955,0.029827532320443887,0.032995398316219664,0.03649893271523102,0.04037324092068105,0.04465683589647847,0.04939182544938631,0.05462395681742929,0.06040238092514563,0.06677897711325016,0.07380693063107363,0.08153736137775482,0.09001009512477545,0.09923141230085937,0.10915420480208,0.11994568568570552,0.1316892823305718,0.14433390497147658,0.15758053213051154,0.17161742711237377,0.18611411753729418,0.2007257154257878,0.21626785350270064,0.2330550348995491,0.25015872831333674,0.2689770097467014,0.2899597131273263,0.3082049537028621,0.3266384096329541,0.34660500059192634,0.3678336846964158,0.3872280458226257,0.40634181941163855,0.4257301188334694,0.4453729392706027,0.46597770250079634,0.4863169213274452,0.5072112699050755,0.5290832558697,0.5499504876725425,0.5694909988836556,0.5870388777107446,0.6047407063249366,0.6257830241085033,0.6450427551204896,0.6657063022097159,0.6841439386083635,0.7031589310429317,0.7204460911984484,0.7387041314358515,0.7532827783633402,0.7695258908072474,0.7816605050887573,0.7908126696726837,0.8005649939643462,0.8094802622424374,0.8179173032107185,0.8240454873039449,0.8302486595301873,0.8344368870767072,0.8350285963536181,0.8338198853124293,0.8317485429731993,0.8280352179651823,0.8233337580900066,0.8151970278135332,0.8068903862050446,0.7954602082861512,0.7801080254334217,0.7658682522904259,0.7509544652700871,0.7327282304295736,0.7110231103960304,0.6887952113049481,0.6676005995701147,0.6452858150333297,0.6193707415043722,0.594820742413432,0.5718103161520215,0.5496132253533618,0.5248036031675178,0.5025100215688076,0.4787870922921499,0.45380184494479847,0.4306594933138354,0.4060478292623837,0.3832994515953685,0.3635771385141339,0.3412323220787458,0.3193384400098224,0.299977979820413,0.28079876452527613,0.2619121726053659,0.24336252782633924,0.22738678109428848,0.21119833726673423,0.19462133076624027,0.17709024557459968,0.16129481661115594,0.14692020022808808,0.13374803113983627,0.12154543863790933,0.11034030076487955,0.10010213231264227,0.09077465876510907,0.08229255856971393,0.07458821295610296,0.067595359087806,0.06125119307189859,0.05549737074938071,0.05028026693993761,0.04555083198483337,0.041264286077691566,0.03737977883154028,0.03386006452425722,0.030671205811214457,0.027782304781219767,0.025165256791015316,0.022794522768794335,0.020646916925251845,0.0187014080676918,0.016938933636432424,0.015342226108396072,0.013895651611219906,0.0125850605808821,0.011397650186046937,0.010321838108807962,0.009347147155148918,0.008464100084811344,0.007664124000463829,0.006939463614875325,0.006283102715335769,0.005688693160522588,0.005150490771321713,0.004663297510003026,0.00422240937891635,0.003823569508615343,0.0034629259447129016,0.0031369936819048237,0.00284262053182604,0.002576956448269084,0.0023374259684710488,0.00212170346243107,0.0019276909133975513,0.00175349798166846,0.0015974241306395253,0.0014579426186244714,0.0013336861824118393,0.0012234342589044322,0.0011261016096287637,0.0010407282295434987,0.0009664704365721083,0.0009025930517979467,0.0008484625924536731,0.0008035414108730112,0.0007673827226070875,0.0007396264760879832,0.0007199960246875275,0.0007082955698992324,0.0007044083517860994
89,0.0007849355767616617,0.0007894025142382089,0.0008028499183372857,0.0008254180145986417,0.0008573420184548778,0.0008989544101042163,0.0009506881507483818,0.001013080872245007,0.0010867800822973014,0.001172549438083685,0.0012712761528940921,0.0013839796130752549,0.0015118212965924852,0.0016561160999975337,0.0018183451977649549,0.0020001705770396035,0.0022034514120376158,0.0024302624658611477,0.002682914733495152,0.002963978568381183,0.0032763095662730335,0.0036230775140484554,0.004007798747643808,0.004434372302023003,0.004907120276672675,0.005430832881986139,0.00601081867444538,0.006652960531187352,0.007363777957116659,0.008150496360655103,0.009021123979101764,0.009984537184546123,0.011050574960871208,0.01223014341616175,0.013535331283672184,0.014979537458884227,0.01657761169153369,0.018346009547317063,0.02030296260953427,0.02246866457652044,0.024865473528537265,0.027518130544540928,0.030453995689230632,0.03370330476845745,0.03729945362410993,0.0412793173250562,0.04568360070251791,0.05055718515949198,0.05594939569111498,0.06191412484023598,0.06850990420705513,0.07580016053404173,0.08385290020310536,0.09273238391435808,0.10244131866436298,0.11258633722871206,0.12371413249364469,0.1359697371378733,0.14936724068368942,0.16307206538677355,0.17821394784667857,0.1935916272302316,0.20721873843108807,0.2223998703052304,0.23895529314460973,0.25636029560505513,0.275180109044064,0.2952618354904743,0.31483678752825883,0.3348818382491413,0.3555749335507378,0.37594469088568944,0.3975384681133403,0.41769212511451126,0.43854903036594106,0.4593421951644564,0.4791037196189478,0.49941944158780216,0.5186632644508735,0.5402624498653129,0.5615299139344965,0.5834909670453314,0.6032341584591754,0.6213355250019781,0.6425674149980137,0.6638790488408821,0.685279731719253,0.704301989299469,0.7237205054828862,0.7403808155736058,0.7586627546282297,0.7758164567797278,0.7913747288813444,0.8038397623581849,0.8164003788761246,0.8256673275534194,0.8317301842442087,0.8392031003453213,0.8448820389665439,0.8503756747563471,0.854929710822212,0.8560830955291762,0.8544453342483689,0.8508539550525451,0.8455636406726117,0.839752614807573,0.8324213976568868,0.8256816367511831,0.8120296048532867,0.7984684305762711,0.7832650646577928,0.7666760248130177,0.7478919525267096,0.7251518170972561,0.7030768905782551,0.683517484912309,0.6604191344245512,0.6349199291307963,0.6124739263532177,0.5882178637984706,0.5640443519181788,0.5386466859244152,0.5145980998558184,0.48986185988819464,0.4668380573017922,0.4422375933116865,0.41807028569149257,0.3937057824686873,0.37063975008963834,0.3486454622810736,0.3273749870166416,0.30757192342975315,0.2879003199412527,0.26764708276909843,0.24896432059436785,0.23186920571125014,0.21553962816826588,0.200159582351018,0.18194353285021758,0.1656966061467365,0.1509233086866129,0.13737030447524246,0.12481711143079499,0.1132878254706212,0.1027332717329936,0.09311251275878192,0.08436859007180328,0.07643375338261967,0.06923824788511236,0.06271533964402864,0.056803271146230114,0.05144563886531114,0.04659113652744711,0.042193118936492295,0.03820916282140048,0.03460067401350839,0.03133254416613848,0.028372848416538074,0.025692574807630007,0.02326537832712506,0.021067354638516486,0.019076830409034753,0.01727416845676862,0.01564158675123243,0.014162990703787955,0.012823818312158272,0.011610897703979835,0.01051231654933163,0.009517302733764749,0.008616115624419877,0.007799947227965155,0.007060832527925245,0.006391568295586387,0.005785639688139945,0.00523715397602815,0.0047407807755137,0.004291698200058877,0.003885544383537001,0.003518373868423539,0.003186618392059922,0.002887051643211322,0.00261675759897487,0.0023731020882832112,0.0021537072625300606,0.001956428686038025,0.001779334789080521,0.001620688453905751,0.001478930529691847,0.0013526650956359534,0.0012406463125330658,0.0011417667223510965,0.0010550468725984833,0.000979626157866684,0.0009147547849777834,0.0008597867808454829,0.000814173973632309,0.0007774608882178016,0.0007492805065347958,0.0007293508521276709,0.0007174723664721246,0.0007135260522959935
90,0.000793652955212268,0.0007981775357867979,0.0008117986250939738,0.00083465872659852,0.0008669968863787322,0.0009091510197274232,0.0009615612009676748,0.0010247739497248089,0.0010994475573585136,0.0011863585084658681,0.001286409064503986,0.0014006360898479817,0.0015302212152046653,0.0016765024494634353,0.0018409873690089975,0.002025368033474148,0.0022315377990988557,0.0024616102254934854,0.002717940298860298,0.003003148224743166,0.003320146076217766,0.0036721676190772045,0.0040628016738660615,0.00449602941528273,0.004976266052069215,0.005508407374470363,0.0060978817010398515,0.006750707801456797,0.007473559416914206,0.008273837045144575,0.009159747705151367,0.010140393450866595,0.011225869468612946,0.012427372676141094,0.013757321843525176,0.01522949037062045,0.016859152955894418,0.018663247428875065,0.020660552938462137,0.022871885487926378,0.02532031164664274,0.028031381625744638,0.031033384623274048,0.03435763325974014,0.03803878954106219,0.04211524776393946,0.04662958034135206,0.05162902349531463,0.057165960297263105,0.06329847393359125,0.07009153606204907,0.07762055089017118,0.08598166869037045,0.09532432038489612,0.10598317142413963,0.11588303568334665,0.12729791669562746,0.1401502743427228,0.15515273498860638,0.16810471055930734,0.18243354861321448,0.1976484485062166,0.2135778977108263,0.22859626037654363,0.24563779446313133,0.262575100644701,0.2814657091215187,0.3023517159287196,0.32301829248693503,0.34273707426609334,0.3634484111015223,0.38460880349995885,0.40777301471666466,0.42985326139073093,0.4492443752496579,0.4709570821724747,0.4910652373660207,0.5096998772784571,0.5302491683179164,0.552972175852001,0.5748992006498513,0.5991633300856744,0.6203357797270834,0.6375038292350454,0.6587643828888808,0.6825240110453592,0.7042191654251372,0.7241799337401638,0.7436238243130568,0.7619425736752797,0.7798370477365854,0.796864905095758,0.8133635870829561,0.8261954270960463,0.8388739045397156,0.8476653164788405,0.853694165171651,0.8597479067012775,0.866168847267798,0.8717134388902769,0.8763723151997234,0.8770568289745264,0.8740820261376187,0.8691442018805468,0.8611254692691284,0.8551431384549953,0.8493913744012398,0.841753729865101,0.8282708110290495,0.8152584000956712,0.7986956862156896,0.780513045687388,0.7601557780799965,0.7391990244843343,0.7184650941999461,0.6964321226771247,0.672845446455874,0.6475358709096354,0.6256115014960315,0.6018019153747575,0.5771534930333421,0.5504863444919075,0.526488531633759,0.5012821802686092,0.4769247972518176,0.4521323894770979,0.4263026798952859,0.4018796874501451,0.3786056596710595,0.3569890831147081,0.3352946002941568,0.3164633826225929,0.29385814419247236,0.2733865754467733,0.2544222264241159,0.23685395743869478,0.2199377002558673,0.20314506394366108,0.18588858207784084,0.16967000200872,0.15476080490611716,0.14102676324992286,0.1280438941887163,0.11616714641990059,0.10526112150051516,0.09533132697098382,0.08632609520560056,0.07816903721683326,0.07078162241022001,0.0640907977615103,0.058030510052689395,0.05254133937725597,0.047569727829870796,0.04306724914277377,0.038990009798189035,0.035298167424468174,0.03195553445729975,0.02892924121661028,0.02618944116376834,0.02370904729062435,0.021463492575579092,0.019430510069056668,0.017589929918859805,0.01592349173845432,0.01441467132118658,0.013048520971396221,0.011811522801691291,0.010691454337586332,0.00967726573755663,0.008758967907580496,0.007927530774483672,0.007174790982722355,0.0064933682921830055,0.00587658997709424,0.005318422555571873,0.004813410213534401,0.004356619324087976,0.003943588502700587,0.003570283678548538,0.0032330577025161075,0.0029286140518182168,0.002653974229586056,0.002406448494608581,0.002183609591454633,0.0019832691841913997,0.0018034567277200196,0.001642400539291302,0.0014985108590268757,0.001370364712289208,0.0012566924085970405,0.0011563655315849546,0.0010683862923968536,0.0009918781350405485,0.0009260774967817843,0.000870326639792187,0.0008240674821566402,0.0007868363671565321,0.0007582597196335425,0.0007380505473526899,0.0007260057537623015,0.0007220042365222904
91,0.0008015849156050899,0.0008061619718395066,0.00081994117821272,0.0008430671177929693,0.0008757823339624851,0.0009184297044947185,0.0009714557989085011,0.0010354152534434089,0.0011109762088234198,0.0011989268675779252,0.001300183240265936,0.0014157981637078975,0.0015469716894883326,0.0016950629577800983,0.0018616036901931744,0.002048313456105695,0.002257116890025151,0.002490163063169919,0.002749847240841068,0.0030388352884072566,0.0033600910229133443,0.00371690684440732,0.004112938020892871,0.00455224104303578,0.005039316508897039,0.005579157044403157,0.0061773008112880005,0.00683989120022421,0.007573743352540811,0.008386418199824063,0.009286304758689183,0.010282711471795443,0.011385967451300568,0.012607534563506074,0.013960131396429449,0.015457870268688206,0.01711640854372407,0.01895311556259159,0.020987256452808745,0.023240193920106192,0.02573560907582337,0.028499742927090056,0.031561662283750694,0.034953558415758916,0.038711093237557066,0.04287381128885702,0.04748562592532671,0.05259535942641343,0.05825730859836259,0.0645319634663257,0.07148751999667391,0.07920344590415009,0.0877758773407907,0.09731144810757249,0.10782356417038205,0.11854569252993039,0.13044541074052377,0.14331866491765044,0.15764765152505977,0.1727388534654313,0.18671919216041027,0.20214743725924234,0.21897843428621439,0.23425065727957728,0.25064157412874205,0.2683070005621155,0.2872226841253075,0.3078691432010529,0.3305294982450214,0.3516153242079431,0.37266022114541214,0.3931377924344551,0.4177325835999893,0.4400808801571566,0.45920224761971706,0.4803918189606646,0.5007165381320552,0.5209088906769285,0.5425760867162532,0.5661052410765364,0.5886059034339478,0.6113802189984062,0.6319452826197248,0.6530609613811201,0.675613051780824,0.7002422009373591,0.7218780385494292,0.7412556473755632,0.7610149483396835,0.7809854819694582,0.7992168913393803,0.8155349579470272,0.8330872130161886,0.8459097825270476,0.8589766562940503,0.8694071043696279,0.8762702030219258,0.880613629105022,0.8858306960071337,0.8917198719535367,0.8959877113748608,0.8954143670098039,0.8920471599733578,0.8855054553117153,0.8788814911651615,0.8708281755283148,0.8620356866580763,0.8537955773368661,0.8430112611646221,0.8292652839764784,0.8128200317946249,0.7956219962471355,0.7742818480105227,0.7533453396481876,0.7295576127318713,0.7067337223155808,0.6835377786331052,0.6597168147142026,0.6371022356773177,0.6123478506888854,0.58715962648652,0.5614831339806844,0.5355101647261284,0.5108752577235826,0.4862966875085664,0.46203481851849915,0.4355342748105285,0.4111276715271884,0.3868538381341757,0.3638066951341843,0.34197381621153733,0.32180005693645425,0.2997445702742143,0.2792923671139306,0.2599165588078448,0.24232939687396604,0.2249070507731114,0.20759615342589532,0.18981333463224798,0.17336541396902283,0.1584859598033737,0.14498152823321248,0.13116049518434053,0.11900032849074825,0.10766193313429973,0.09740166978405398,0.08814302337490161,0.07977912699882145,0.07221515365880435,0.06536994546264219,0.05917306539090007,0.05356235410366593,0.04848228710717428,0.043882883924993524,0.039718954437252985,0.03594954381793894,0.032537495256112145,0.029449086160329464,0.026653713820792072,0.02412361685598985,0.02183362410947089,0.01976092571956041,0.017884863017175467,0.016186735135823305,0.014649620941988156,0.013258215270785016,0.011998678618371188,0.010858499501869496,0.009826368713040353,0.00889206469620476,0.008046349287447475,0.007280873064933987,0.006588089579516859,0.005961177759840748,0.0053939718158665575,0.00488089799815555,0.0044169176064703785,0.003997475679391997,0.0036184548359034863,0.003276133779510226,0.0029671500147956864,0.002688466364795884,0.0024373409147544936,0.0022113000433320287,0.0020081142359150025,0.001825776406117231,0.0016624824807756537,0.001516614030675749,0.001386722753914712,0.0012715166412912635,0.0011698476735054505,0.0010807009183957201,0.0010031849130892976,0.0009365232309631498,0.000880047146879169,0.0008331893264411634,0.0007954784761909319,0.0007665349018772543,0.0007460669313474625,0.0007338681673695431,0.0007298155439274775
92,0.0008087047271853514,0.0008133288823642529,0.0008272500064103335,0.0008506145533550752,0.0008836682131393612,0.0009267583286019048,0.0009803373138838934,0.001044967109597457,0.0011213247212562812,0.0012102088994282749,0.001312548033046098,0.001429409341516718,0.001562009466932794,0.0017117265850434757,0.0018801141729342088,0.0020689165928397596,0.0022800866754107947,0.0025158055122921877,0.002778504697236334,0.0030708912872974446,0.0033959757909821377,0.003757103528506083,0.004157989750322317,0.00460275894347002,0.005095988800483302,0.005642759371864151,0.006248707969618848,0.00692009043527781,0.007663849430670196,0.008487690453740915,0.009400166326380925,0.010410770949849588,0.01153004318092896,0.012769681754022853,0.014142672263553703,0.01566342732030781,0.01734794108053858,0.019213959373154153,0.021281166570510577,0.02357139017038618,0.026108823961965993,0.028920271139543954,0.032035410661397555,0.03548709430085805,0.03931168741260386,0.04354946844205555,0.04824509052181527,0.05344807978077728,0.05921334606910607,0.06560187787199753,0.07268246047740778,0.08053661407688054,0.08927169095989042,0.09905838435482221,0.11027408253285953,0.12094626668038663,0.1336651851267539,0.1462744880410626,0.16067805037311042,0.17643878924558143,0.1905491033724887,0.20639932571219632,0.2241528848047458,0.24038760972675116,0.25586256841929206,0.2742632723139723,0.29276453615970705,0.31292853557552675,0.33475238555379366,0.35575452802736646,0.3776011822432655,0.3998626686959824,0.4223691275782054,0.4457030602719411,0.46848475860633565,0.48951324956335246,0.5128912976739183,0.5334145286275168,0.556110913801322,0.5774256775969323,0.6007844542630897,0.6254714943567524,0.6461686657686974,0.667353682965869,0.6900895012324906,0.714381904854407,0.7379444303491339,0.7575896689757555,0.7779036491488072,0.7983919322854012,0.8150897559400472,0.8335798919351208,0.8517438010317365,0.8656579562382027,0.8785151337476592,0.8883339844062654,0.895164979706824,0.9009692156166604,0.905576494553318,0.9090943986909185,0.9116985898033375,0.9107472035624882,0.9070944381246508,0.8996092764954455,0.892251048735978,0.8843523407955957,0.8776175546843771,0.8685292254476787,0.855762219194644,0.8404278629804607,0.8253815937059433,0.8092525780150023,0.7884308667572967,0.7674868026142785,0.7432798851280408,0.7204082699230282,0.6947291449393977,0.6704979021218642,0.6472929906966942,0.6233278479935285,0.5972826588179185,0.5711791182935774,0.5455395531278167,0.5194998931914545,0.49427605799873964,0.4698888033895641,0.4449602879158038,0.41913055184897974,0.3958348284656963,0.37117081233690735,0.3486711058255087,0.32781262895502244,0.3058008070096758,0.2857578910839716,0.2651951593979507,0.24614493362841244,0.22872660906439737,0.21099566811396064,0.19359269741047364,0.1765779200420763,0.16193795054534132,0.1470796291294363,0.13363086772057994,0.12195307694799092,0.10985019962461867,0.09926240704965779,0.08978775672020887,0.08124744840502865,0.07352904092700119,0.06654607191434336,0.06022575860746468,0.05450437032732565,0.04932506836824585,0.04463669908960195,0.040393016564464465,0.03655211989462598,0.03307600765759623,0.029930203619315098,0.027083431219398168,0.024507324586137837,0.022176168469113612,0.020066661954630763,0.01815770243971414,0.016430187450357243,0.014866832612670588,0.01345200451358885,0.012171567419539571,0.01101274294068861,0.009963981791398676,0.009014846835778514,0.008155906635769946,0.007378638744761923,0.006675342015207293,0.006039057215654137,0.0054634952817938535,0.004942972557884267,0.00447235241913268,0.004046992701917637,0.0036626984064963373,0.003315679175413251,0.003002511089522877,0.002720102361749594,0.0024656625458987394,0.002236674913571269,0.0020308716861849128,0.0018462118410285404,0.0016808612400226004,0.0015331748573545285,0.0014016809073989895,0.0012850666973697358,0.0011821660500780646,0.0010919481611208724,0.0010135077719409336,0.0009460565556591979,0.0008889156265465743,0.0008415090966547448,0.0008033586146325497,0.0007740788322805042,0.0007533737540968542,0.0007410339340910225,0.0007369344926221235
93,0.0008149883259364881,0.0008196540149563024,0.0008337002890350767,0.0008572752552245606,0.0008906273835891487,0.0009341079622579689,0.0009881745699876433,0.0010533956024778304,0.001130455900124752,0.001220163537180062,0.0013234578456138785,0.0014414187615837014,0.0015752775985190678,0.0017264293686888924,0.0018964467949747017,0.002087096176679007,0.002300355297795879,0.002538433593480808,0.002803794820660489,0.0030991825119398592,0.0034276485282228814,0.0037925850646717573,0.004197760506534111,0.004647359575524404,0.005146028253194749,0.005698924014198429,0.006311771948502252,0.006990927396373483,0.007743445762498101,0.00857716021561859,0.009500768018437997,0.010523926271581127,0.011657357899018022,0.012912968754765242,0.014303976793105086,0.01584505430908497,0.01755248429799607,0.019444331957176875,0.021540632210400416,0.023863593869370012,0.0264378208003886,0.029290550648854226,0.03245191298137216,0.03595521168174691,0.0398372401419261,0.044138637469986475,0.04890428029601858,0.054183674040361535,0.060031296137220545,0.06650697083755198,0.07367674544617123,0.0816150831198396,0.09040786153584682,0.10014780237545,0.11087867928170139,0.12225778933974962,0.13488333994272914,0.14894143138364402,0.1634829960206124,0.17985764969731322,0.19379428763650836,0.2101676748790758,0.22594105090820565,0.24243019949212646,0.25960448875670905,0.27829894351349416,0.29816088681783814,0.31792234278738146,0.338184477654908,0.3605103571763118,0.38314641071971284,0.40600752803216056,0.4287196107986829,0.451034389307692,0.4757460516643319,0.49911081156986925,0.521634296242691,0.5437314429562681,0.5673106459850172,0.5896383128945805,0.6108823621426864,0.6336924603656672,0.6561050141918797,0.679749917329678,0.7044758550873262,0.7265693193486762,0.7511412560737782,0.7729695486669703,0.7943868212886686,0.8128574430544735,0.8297748934571421,0.8491065108521043,0.8687833255945878,0.8836124540508322,0.8948374877455869,0.9039703010053618,0.9120969751810688,0.9163386879917109,0.9202650897092072,0.9233058234892063,0.9251045993377622,0.9232380412253075,0.9201344879088399,0.9142950330045773,0.9035695284905897,0.8971509925101869,0.8891575215592752,0.87964780363901,0.8662687150669925,0.8521724976709628,0.8399197251730696,0.821463110576389,0.8030825570006226,0.7818749980232998,0.7559416247043049,0.7305734908108876,0.7045419984478454,0.6802076750384635,0.6583264443881669,0.6334521665739159,0.6066082631308228,0.5826885589271772,0.555363071920867,0.529820958284615,0.5037724424370591,0.4773901552891725,0.45457809742330313,0.426770104935107,0.4016635441396339,0.3782155089688925,0.3553859617832576,0.33305703517174273,0.31127820767215353,0.2911959640076838,0.27067280731496896,0.2500887264950439,0.2316820114656904,0.21265852826290552,0.19506703650694107,0.1785932274824743,0.16350842321001152,0.14886424744506216,0.13535581142817193,0.12303346069638241,0.111400297848263,0.10081382474235331,0.0912325165472242,0.08256340696856013,0.07471728838998448,0.0676146723758157,0.061184745328570184,0.05536395505733767,0.050094958542213755,0.04532585667711752,0.041009605091866075,0.03710353077022026,0.03356891643296855,0.030370633779447605,0.027476815926327666,0.024858562963877767,0.022489675852269197,0.020346414666846887,0.018407277981196492,0.01665280091918115,0.015065370004155587,0.01362905335147995,0.012329445018594825,0.011153522493570628,0.010089516408537861,0.009126791634611003,0.008255738964574969,0.007467676627182717,0.0067547609078404715,0.006109905178543911,0.005526706667823138,0.004999380330786667,0.00452269921088009,0.004091940718778042,0.003702838289548905,0.0033515379162685753,0.0030345590959196247,0.0027487597610133087,0.002491304807300372,0.002259637863677372,0.002051455984541487,0.0018646869770995523,0.0016974691062978818,0.0015481329479993318,0.0014151851867609051,0.0012972941780903607,0.0011932771164653837,0.001102088669803409,0.0010228109586202642,0.0009546447739745907,0.0008969019426344046,0.0008489987608967393,0.0008104504303131323,0.0007808664393892802,0.0007599468452951037,0.0007474794188917575,0.0007433376250958832
94,0.00082041446172908,0.0008251159533704094,0.0008392701087766953,0.0008630264618758191,0.0008966358825889745,0.0009404530648505523,0.0009949400460811462,0.0010606707951333414,0.0011383369174272026,0.001228754538553087,0.0013328724412595536,0.0014517815456916304,0.0015867258392389127,0.001739114880642832,0.0019105380233525268,0.0021027805257625124,0.002317841741155449,0.0025579556081272523,0.0028256136931629878,0.0031235910709648466,0.003454975365112221,0.0038231993115258904,0.004232077249703374,0.0046858459912624386,0.005189210561196506,0.005747395353370988,0.006366201286906835,0.007052069592814567,0.007812152899246274,0.008654394318119112,0.009587615265558144,0.010621612774740217,0.011767267084595325,0.013036660313801093,0.014443207055958421,0.0160017977495398,0.01772895566026557,0.01964300821981694,0.02176427324073088,0.02411526015360753,0.02672088598505236,0.029608705619610154,0.03280915647963485,0.03635581947187116,0.04028570000788085,0.04463953117051158,0.04946208805322318,0.054802473730923326,0.060714315752091644,0.06725586950126924,0.07449020334581627,0.08248560643491736,0.09131493990258127,0.10104832454346452,0.1117284202115648,0.12333956696382642,0.13605490911088458,0.14993815865901958,0.16487989932782388,0.18024989039466638,0.19585389280913246,0.2128185537106863,0.22838767205488003,0.24514044095500043,0.2631408521550868,0.28257700944528097,0.30194529823665656,0.3207705297233876,0.34117018210448125,0.36322259042748406,0.38651798305742247,0.41112943229562854,0.4345728010127896,0.45641802245477303,0.4805376781464638,0.505888675948156,0.5310112034818122,0.5526502633576112,0.5759485402351275,0.5990163733248789,0.6217931114785059,0.6450102025836623,0.6674462818211944,0.6918550178341258,0.715697269398997,0.7399415009796338,0.7638903444691345,0.7887010953760317,0.8100855272773235,0.8268556045159335,0.8453260689876789,0.8644620674936863,0.8847185879837287,0.8992803379417846,0.910513742250639,0.9177677265000443,0.9268762372257886,0.9294081522688973,0.9333641295558577,0.9361068043583226,0.9365435118596229,0.9345150790046075,0.9310491960973991,0.9245284908081063,0.9143692875452032,0.9058968150466566,0.8997284326780395,0.8917033352837533,0.8783580756130345,0.8662165707715074,0.8523806465586605,0.8338239015077482,0.8162028796792289,0.7932001323585726,0.7682560612402901,0.741907870864887,0.7161868222973367,0.6908358222791003,0.6692295398794442,0.6422277267445122,0.6156757858156652,0.5906809751911855,0.5631007322396587,0.5370495608746113,0.509839162106713,0.48403485297002957,0.45932399270614604,0.4340503286135594,0.40780450465944607,0.38321646867486986,0.35976149906857774,0.337990113281385,0.3159649300354293,0.29559463901421945,0.2748932893284662,0.25368475909096566,0.23385678134286944,0.2146535764158971,0.19685692886923967,0.18048852385942582,0.16581915324643687,0.15061455212948666,0.13692357486363557,0.12438129601359697,0.1127866554722855,0.1021710844275162,0.09250757706232765,0.08373458748404787,0.07578056703000635,0.06857411942025225,0.06204765173707699,0.05613856154785571,0.050789456796400165,0.04594798298037787,0.04156650058860962,0.03760171772462128,0.03401432229758469,0.030768632531593787,0.027832273293803104,0.025175880080692326,0.02277282953388545,0.02059899409022962,0.01863251814728684,0.01685361339656221,0.01524437138057461,0.013788591694935026,0.012471624535407917,0.011280226489224405,0.010202428609539536,0.009227415909344724,0.008345417479070858,0.0075476064799504675,0.006826009300351113,0.006173423190611177,0.005583341717765332,0.0050498874078217775,0.004567750971521551,0.004132136540331382,0.0037387123726645064,0.0033835665254559723,0.003063167022523087,0.0027743260878651775,0.002514168048498197,0.0022801005469766317,0.00206978873794276,0.0018811321754971563,0.0017122441286535632,0.0015614330904762971,0.0014271862726365895,0.0013081549010748035,0.0012031411502839834,0.0011110865735455262,0.0010310619043889622,0.0009622581207740881,0.0009039786781751036,0.0008556328310572463,0.0008167299743498141,0.0007868749476036674,0.0007657642547373807,0.0007531831617769241,0.000749003643923274
95,0.0008249648279201041,0.0008296962483327822,0.0008439405861410585,0.0008678485689793792,0.0009016730745112681,0.0009457716461098314,0.001000610051690707,0.0010667669233709151,0.001144939527538038,0.0012359507277089404,0.0013407572164565232,0.0014604591079191626,0.001596310999224182,0.0017497346278064704,0.0019223332723433712,0.0021159080681115647,0.002332476433241938,0.0025742928308164783,0.0028438721231797996,0.0031440158093131664,0.003477841473616315,0.0038488158147863003,0.004260791666299871,0.004718049464678545,0.005225343667338369,0.00578795466718246,0.006411746794666058,0.007103233038103211,0.007869647147674028,0.008719023816307177,0.009660287650268285,0.010703351653629345,0.011859225954349916,0.013140137495782581,0.014559661403477732,0.016132864702983637,0.01787646298589029,0.01980899045744204,0.021950983499622767,0.02432517742275178,0.026956715519161095,0.02987336910115297,0.03310576729036233,0.036687636210149796,0.04065604832381912,0.04505168124712946,0.04991907620593589,0.05530686619409575,0.061267926184622686,0.067859426107296,0.07514286788719629,0.08318418041854189,0.09205330078171026,0.10182127702960665,0.11255377060608968,0.12431192703374377,0.13719576413363652,0.1512849088530448,0.1667557538848123,0.1814807503898896,0.197388832177053,0.21409465143774584,0.23045330524793223,0.24776135431400487,0.26661417090315004,0.28522633672482967,0.30469000265062307,0.32370551602393544,0.3441299223018591,0.366232167842423,0.3900204560305337,0.4159463178096076,0.4379418819357928,0.46209728973508263,0.4867558238960809,0.5125459070451406,0.537713521691059,0.5602637487630849,0.5847075421517025,0.6115523705307472,0.6347681845408534,0.6564688213925567,0.6796450053106895,0.7044684540747476,0.726856793993257,0.7506900017930556,0.7759935114637169,0.8013186961803529,0.8219687852334017,0.8407234086265782,0.8610182801982361,0.8792212332033129,0.8973269390282356,0.912513637352743,0.9243494328074396,0.9335949624657898,0.9393053280820075,0.9421730775711442,0.9454121746812637,0.94871531785991,0.9478752015878829,0.9450057836134024,0.9392124958060338,0.9327092635825203,0.9243382284971849,0.9167183586665419,0.9099436056730392,0.9005587609588963,0.8889026639951352,0.8770621127858279,0.8617648297772905,0.8426994766904792,0.8254935158871146,0.8018135305354517,0.7775251688400524,0.7527943265578061,0.7278232622791426,0.7012775005882143,0.6794838248421623,0.6533990763961286,0.6260444884748902,0.6009667990526207,0.5722949086212054,0.5451188331942867,0.5171333304915147,0.49163326184767175,0.46596034831845323,0.4408211730101263,0.41417713819349655,0.3889574393428666,0.3645016341517183,0.34266459215577894,0.320583442385033,0.2986755914099174,0.2782496744389013,0.25777770784981835,0.2371920450032775,0.21689858748608043,0.19865708785487196,0.18197344175617064,0.1666019272997864,0.15196165602725328,0.13838753022420197,0.12575089386932703,0.11408382931670795,0.10339170367056116,0.09363942603830502,0.08477098218504703,0.0767215615698116,0.06942407609641993,0.06281296439543935,0.056826270363180595,0.0514065534305916,0.04650110548345893,0.04206181881567305,0.038044905456590186,0.03441056730414105,0.0311226622999666,0.028148386175408612,0.025457977194758848,0.02302444548313449,0.02082332586662585,0.01883245219575623,0.017031751006831707,0.015403052592910069,0.01392991785071827,0.012597479538990992,0.011392296799303725,0.010302221952768711,0.009316278703086914,0.008424550957919615,0.007618081535735353,0.006888780062891814,0.006229339393184156,0.005633159905210718,0.005094281055631969,0.004607319591026299,0.004167413848563175,0.0037701736061970816,0.003411634976063087,0.0030882198694829905,0.0027966995976449844,0.00253416220780843,0.0022979831901167396,0.0020857992242094186,0.0018954846673762307,0.0017251305166860796,0.0015730256061579125,0.0014376398265255022,0.0013176091794674517,0.0012117225003766144,0.001118909703926202,0.0010382314249843638,0.0009688699439893042,0.0009101213008906777,0.0008613885153635651,0.0008221758433823779,0.0007920840115731865,0.0007708063812073309,0.0007581260034119033,0.000753913536300727
96,0.0008286241721911676,0.0008333795294078803,0.0008476959944231431,0.0008717252496206206,0.0009057217785324597,0.0009500454037012381,0.0010051648770764837,0.001071662561143863,0.0011502402510675748,0.0012417262011090212,0.001347083432691596,0.0014674194169481927,0.0016039972416613422,0.0017582483914404493,0.0019317872910345848,0.0021264277851063646,0.0023442017538302653,0.0025873800925323848,0.0028584963154085876,0.003160373078210629,0.003496151952621127,0.003869326825628599,0.004283781340127598,0.0047438308374990945,0.005254269308042578,0.00582042189944115,0.006448203575178869,0.00714418455189783,0.007915663174763356,0.008770746910662838,0.00971844214840764,0.010768753491422227,0.011932793210480887,0.013222901490275331,0.014652778049799097,0.01623762563215532,0.017994305722691437,0.01994150663001441,0.022099923710747607,0.02449245101476591,0.027144383025224636,0.030083624654945015,0.03334090757129891,0.03695001156649626,0.040947990866250825,0.0453754055051864,0.05027655426628917,0.055699696588391835,0.061697244603252724,0.0683259299113768,0.07564702527859785,0.08372675362002563,0.09263680991188802,0.10245442761980145,0.11326164045955292,0.12514499367625737,0.13818889786693683,0.15238478063631922,0.1672213212382916,0.18262759994772063,0.19906906993232323,0.21643305983238334,0.2325158346873914,0.25007296227157005,0.26862087971149845,0.2888124550591805,0.30978283220924835,0.3270262856806373,0.34712444954538985,0.3692357603495816,0.3930840272711124,0.41686238245078344,0.441500671378294,0.4664914477278522,0.49115372849629646,0.5161933021131033,0.5409448530685125,0.5655126511381975,0.5908246408664679,0.6178183177255964,0.6420905067693362,0.6661208610844837,0.6898017251400603,0.7160462173643157,0.7395841866324596,0.763338747403107,0.788284039194034,0.8124573682952166,0.8327002754235368,0.8540208472779448,0.8732321455944513,0.8920837571851803,0.9106305527976131,0.9233924320754628,0.9351179990585468,0.944101111994858,0.9492403050070453,0.9528968284051327,0.9555077024221847,0.9566999852965146,0.9553676849697235,0.9527608206507072,0.9480372803904508,0.940550740676658,0.9345815411564581,0.9278682169694672,0.9175531273079429,0.9073291412226925,0.8976008526126635,0.883620664697216,0.8676721381214245,0.8527588816792923,0.8339343465633414,0.8108648494732931,0.7866100889229248,0.760510998563936,0.7346293794205139,0.7103948474296804,0.6882764362675741,0.6643841707025465,0.6368031450414954,0.608060019825071,0.5797214796596253,0.5536313505233886,0.5245301951915573,0.4984877203573121,0.47105002940036195,0.44472499312628994,0.41788112977451164,0.3926146209346435,0.36853801519289736,0.3463957615582702,0.3266175697390421,0.3017721713656624,0.28009872890552046,0.26052525751279243,0.23871347382844854,0.2186739375343453,0.20031263743603045,0.18343235304552846,0.16785534749384617,0.15339010425598942,0.14000483175535494,0.12715254852984004,0.11530970936900295,0.10449196754277212,0.09463707216405214,0.08567611396558755,0.07754083004281037,0.07016372380177005,0.06347928723312521,0.05742547228635711,0.051944586137555225,0.04698358034025361,0.04249396902834973,0.03843157538003294,0.034756216774726,0.031431379786712246,0.028423906953113875,0.025703704004930633,0.02324347008079713,0.021018450555198596,0.019006210913073012,0.017186429774509127,0.015540709245679522,0.014052400988866584,0.01270644664360929,0.011489231443382087,0.01038845004227213,0.009392983692760327,0.008492788004256596,0.007678790570720629,0.006942797793572859,0.006277410251543713,0.005675945988874458,0.0051323711121281845,0.004641237106659731,0.004197624307862154,0.0037970909899045025,0.003435627565378756,0.003109615422310799,0.002815789959465333,0.002551207415909065,0.0023132151256094777,0.0020994248617910707,0.001907688968345572,0.001736079006435003,0.001582866673300183,0.001446506777063682,0.001325622075955614,0.0012189898129237044,0.0011255297971000506,0.0010442939022088447,0.0009744568688611062,0.0009153083129589283,0.000866245856295221,0.0008267693080591687,0.0007964758375132672,0.0007750560887596989,0.0007622911984192183,0.000758050686354044
97,0.0008313803876074398,0.0008361535968905756,0.0008505238541150624,0.0008746435529551844,0.0009087683733498626,0.0009532598359358611,0.001008588916024219,0.0010753407557094826,0.00115422052491176,0.00124606049527417,0.001351828405099492,0.001472637209147687,0.0016097563243785877,0.0017646245018671223,0.0019388644763997048,0.0021342995689315964,0.0023529724433791607,0.0025971662483352627,0.0028694284063681946,0.003172597348641757,0.003509832530594064,0.0038846481050754155,0.004300950672178167,0.00476308156920665,0.005275864208690494,0.005844657015490614,0.006475412553898288,0.007174743469774484,0.00794999589845782,0.00880933100341678,0.00976181531045768,0.010817520484909008,0.01198763316187691,0.013284575379186331,0.014722136073650288,0.0163156139735971,0.018081972035719887,0.020040003304814064,0.02221050769161955,0.024616478659599497,0.0272832982462242,0.030238938401977274,0.03351416664214066,0.0371427548591761,0.0411616919854892,0.04561140349545768,0.05053598219536388,0.055983434896932534,0.06200595347845286,0.06866024218611753,0.0760079921867765,0.08411666200749061,0.09306069400432355,0.1029231586051049,0.11379814950838094,0.12579690188331383,0.13907231136299456,0.15393856963165178,0.16825887492091787,0.1839240786024025,0.20093664427782423,0.21785209511229847,0.23424417067346273,0.2527043583496148,0.2706419654653186,0.29029921352335786,0.3108612752569978,0.32940476970601074,0.34989923432522374,0.3723099299016023,0.39482929495273367,0.4189236543697979,0.44367315025146403,0.4703004244848395,0.49750936970362536,0.5224953046931954,0.5471902218600471,0.5729268603344703,0.5981409429995475,0.6232433900901743,0.6471540785813753,0.6715883269994498,0.6973242005138912,0.7234993353700502,0.7498149532513002,0.7746934594818763,0.7982316625349297,0.8216179416635374,0.8429401882010944,0.8635940160626231,0.8834549078126177,0.9031093416405541,0.9208808880058794,0.9328718039069933,0.9431675625748936,0.9529949962616889,0.9582327743136931,0.9618682311149755,0.9643868385859004,0.9647830937393248,0.9614900536136083,0.9596250984711867,0.9572834209023764,0.9508322009549729,0.9433454628425587,0.9339019107929234,0.9257100189348563,0.9162120414263795,0.9045771745475545,0.8922625455511473,0.8762211849493916,0.8583194351593776,0.8392211363641946,0.818643156339005,0.7946224322453058,0.7678062146639473,0.7429064610528094,0.7203580710707524,0.6952610110022741,0.6688237901463342,0.6419074432926543,0.6143747465209942,0.5877851717876323,0.5615725741096861,0.5317443227927712,0.5034832489803244,0.47530711249038615,0.44850997867064446,0.4221760627154982,0.39713190250135105,0.37263493492616,0.349693746531472,0.326446800279292,0.3032289641982536,0.2814017839130579,0.260674301158186,0.2401082400977437,0.22029499486936002,0.20187701957434612,0.18487788934703014,0.16922682449575585,0.15493342604272303,0.14223156565420444,0.12858136060652264,0.11642842363908996,0.1054517513007692,0.0954908684204809,0.08644513230513945,0.07823558757460455,0.07079114971623379,0.06404505812689876,0.05793473502222888,0.05240216960132296,0.04739404823383475,0.042861622248227794,0.038760441432606416,0.03505004085180457,0.03169362234093024,0.028657747969857286,0.025912052411594725,0.023428976504741135,0.021183522008559833,0.01915302644150756,0.017316956463772203,0.015656718205485542,0.014155483060065612,0.012798027643303025,0.01157058680345762,0.010460718727214435,0.009457181310198369,0.008549819048672375,0.00772945976674185,0.00698782052913678,0.00631742211190692,0.005711511419305767,0.0051639912499695986,0.0046693568324527104,0.004222638570840017,0.0038193504659021363,0.003455443705698646,0.0031272649508719105,0.002831518873144587,0.002565234539777923,0.002325735271099837,0.002110611631947216,0.0019176972504173226,0.001745047188271969,0.0015909186164056017,0.001453753575813274,0.0013321636294124826,0.001224916232897082,0.0011309226736038863,0.0010492274452677452,0.0009789989436725709,0.0009195213837358462,0.0008701878526635324,0.0008304944266547217,0.0008000352903923833,0.0007784988093943411,0.0007656645153764788,0.0007614009742495945
98,0.0008332245830850282,0.0008380094929028391,0.0008524150059023832,0.0008765939804105428,0.0009108028779536598,0.0009554043285628854,0.001010870760219874,0.0010777891312881752,0.001156866817069876,0.001248938714841071,0.0013549756460816353,0.0014760941503634373,0.001613567782745265,0.0017688400457976984,0.0019435391088033125,0.002139494490495652,0.0023587559081423115,0.002603614525032387,0.0028766268606222455,0.0031806416627561005,0.003518830079402606,0.003894719507942029,0.004312231542660611,0.004775724484907629,0.0052900409241149055,0.005860560939894621,0.0064932615135615355,0.00719478276901658,0.007972501684873304,0.00883461392854457,0.0097902244550644,0.010849447484950144,0.012023516422551455,0.01332490419467203,0.014767454372701376,0.016366523280448977,0.018139133069377818,0.020104135443355063,0.022282385320183187,0.024696923236730773,0.027373164815407226,0.03033909530961293,0.03362546748710488,0.03726600235569209,0.04129759487393879,0.045760530839281104,0.050698726137199286,0.05616000526845998,0.06219644498633738,0.06886482865865823,0.07622729592352184,0.08435231572604458,0.09331608698451099,0.10320425164013552,0.11411319149780418,0.126148377183105,0.13941049129014899,0.15392844873435407,0.1692839160244318,0.18541861609638338,0.20105896819260372,0.21788769330913466,0.23518614758267722,0.25383094975484555,0.27255109519696896,0.2926522996884749,0.31240862853145956,0.3318364415751836,0.3522989619854227,0.37390755037061607,0.3969445831155073,0.42236267175659664,0.44616433097914415,0.47279034588475355,0.49819352563491204,0.5244428464658222,0.5516431764098413,0.5779057767563014,0.6020762797691311,0.6265800508230608,0.6514942581433495,0.6791117432611768,0.7043292847188889,0.7310226864301466,0.7573379884980633,0.78429899250674,0.8082649750705357,0.8303978699901916,0.8513250290547428,0.8713555088915689,0.8914080171881689,0.9104628156686546,0.9281426008376129,0.9418082493643787,0.9528940922892049,0.9611440206491692,0.9665559569163095,0.9694346654047842,0.9697362018550063,0.970957866004151,0.9698622127236843,0.966550456150332,0.9619193645668228,0.9562869339462418,0.9490162507841191,0.9395221601384379,0.9325541609885818,0.921233441074447,0.9104208994665764,0.8965717996152824,0.8816123578778837,0.863251239368423,0.8449357040717352,0.8244781598185132,0.8026651659785274,0.7759854576894821,0.7518087102912732,0.7294582041627292,0.7032707237099115,0.6767754459786341,0.6504680095629272,0.6224073589123941,0.5949076504339098,0.5660259773863647,0.5367757292567215,0.5078475374831538,0.48004593877176877,0.45394406972641294,0.42734392231136137,0.4032489545911648,0.37727429883225894,0.3520580818118326,0.3280851799441521,0.3049090420309095,0.28312045633000804,0.2622131505394871,0.24228641315654337,0.22197477537861432,0.2033820389182497,0.18625620191896544,0.17046577846312988,0.15606486284795643,0.14327213121217802,0.12952481701055876,0.1172742931653874,0.1062113145121436,0.09617743102766117,0.08706830881275232,0.07880150968979371,0.07130417342841253,0.06450889677715278,0.058352932258792574,0.052778229377465194,0.047731429657131605,0.043163693282808106,0.03903042985343787,0.03529099649306969,0.03190839362743562,0.028848970985529417,0.026082149318202016,0.02358016025736308,0.021317805004102963,0.019272231464546298,0.01742272886439714,0.015750538629867566,0.014238680294850474,0.012871791279588202,0.011635979514729736,0.010518688014024967,0.009508570607056059,0.008595378122846015,0.007769854367485106,0.007023641270325946,0.0063491925914642205,0.005739695595115264,0.00518900010441285,0.004691554366490564,0.004242347174180098,0.003836855712737847,0.0034709986263274165,0.0031410938287146414,0.0028438206147535523,0.002576185662722208,0.002335492551464329,0.0021193144498103354,0.001925469668258868,0.001751999793929209,0.0015971501590261665,0.0014593524202994482,0.0013372090521422849,0.00122947957905549,0.0011350683942635527,0.0010530140304156397,0.00098247976567531,0.0009227454642573268,0.0008732005647780056,0.0008333381428206222,0.0008027499860518057,0.0007811226312261119,0.0007682343226450608,0.0007639528612473566
99,0.0008341511326701972,0.0008389415510924905,0.0008533636616285792,0.0008775705387837701,0.0009118190077616594,0.0009564722148961258,0.0010120032643895856,0.001078999960321854,0.0011581707052272915,0.0012503516197946408,0.001356514962652425,0.0014777789450018998,0.0016154190522974462,0.0017708810045050632,0.0019457955079473233,0.0021419949756129515,0.0023615324192937746,0.002606702746192906,0.002880066724841361,0.0031844779202821554,0.0035231129364066078,0.0038995053437390036,0.004317583713290897,0.004781714220449866,0.005296748325939465,0.005868076081934546,0.006501685648171006,0.007204229632543798,0.007983098889914162,0.0088465044178684,0.009803567974866943,0.010864422010233722,0.012040319432139212,0.01334375364392714,0.014788589144268572,0.016390202803602927,0.01816563568570473,0.020133754965062364,0.022315425091544785,0.0247336868965227,0.027413942911366663,0.030384146993972714,0.033674996808011726,0.037320129290941584,0.04135632250061752,0.04582371240675588,0.05076604006407681,0.05623095265560224,0.06227039139788938,0.0689411126640537,0.0763054086334496,0.08443211265560972,0.09339795704460187,0.10328923666691481,0.11420351441992574,0.12625137832362132,0.13956423699240111,0.15435296454285824,0.17121831841833346,0.18608232874545244,0.20161443255825257,0.21888983248540572,0.23602793151332435,0.2559455320614067,0.27462723299049124,0.29389957402300576,0.3129633398253622,0.3328212241006699,0.3539491908708787,0.37600536954814784,0.39869699950021886,0.4229993523947664,0.4482916343106125,0.47345525183670234,0.49926260902174524,0.5248502600062199,0.5516833703415344,0.5802283328377021,0.604912160762036,0.6295141784747966,0.656502859416643,0.685858728347715,0.7131902509143652,0.7389885238919508,0.7644720675044963,0.7903713537098994,0.813701795065427,0.8376303110889078,0.8578616048242478,0.8796086640129185,0.8977711553317853,0.9168085867727412,0.9339033480136072,0.9476528072744955,0.9603600797178117,0.9700493627774258,0.9751312143920541,0.9772646302086029,0.9784942908147524,0.9772511753873154,0.974762180090101,0.9719801118194829,0.9674993581641349,0.9598333459712328,0.9535042657160739,0.9469789490696129,0.9382723277866092,0.9264051352432519,0.9136367712279865,0.8990702508023862,0.8833009118968559,0.8648111559651972,0.8466006914228453,0.8265041066924446,0.806958173096973,0.7822166661008767,0.7589221354047785,0.7362520982886692,0.7113347085619319,0.6841444472859319,0.6569409180286173,0.6290655149730494,0.6009443414435461,0.5699015184513616,0.5405959747529865,0.5137079842788634,0.48536276098632525,0.45885624854127727,0.43217114746168267,0.40694912022628565,0.3800527864637383,0.3552352706607727,0.3308376235016585,0.3069177490274224,0.28555930821492653,0.26432019644648025,0.24310211943441018,0.22336175695624208,0.20475958721992282,0.18755337470729383,0.1714882318244251,0.1566723919736307,0.14301025741385803,0.12988832358783534,0.11778790414939058,0.10674043625811586,0.09668360931173922,0.0875405277518165,0.07923672596629977,0.07170203133934253,0.06487028848791704,0.058679498296355014,0.0530720786073694,0.04799493233689747,0.04339932458192189,0.039240657956379404,0.03547820806985505,0.032074848146167734,0.02899677579103234,0.026213248817734177,0.0236963342195079,0.021420672483813602,0.019363258047657,0.01750323576137178,0.015821712699306448,0.014301584421738692,0.012927374742642203,0.011685088104233583,0.010562073740937074,0.009546900896829523,0.008629244425073441,0.0077997801412861235,0.007050089328322248,0.006372571803585695,0.005760366967974171,0.005207282262943163,0.004707728472324809,0.004256661320225094,0.00384952883606226,0.003482223982254507,0.003151042068371206,0.002852642506663469,0.0025840144966911725,0.0023424462602562746,0.002125497481177352,0.001930974636911281,0.0017569089401308939,0.0016015366377454942,0.0014632814422840777,0.0013407388959411379,0.0012326624908937736,0.0011379513907864823,0.0010556396176465482,0.0009848865860729325,0.0009249688824916433,0.0008752732017595685,0.0008352903666003014,0.0008046103674425432,0.000782918371373068,0.0007699916592744573,0.0007656974599481935
100,0.0008341577032557016,0.0008389474245561715,0.0008533674328404467,0.0008775707698327417,0.000911814205692112,0.0009564608088216266,0.0010119835817171924,0.001078970201802843,0.001158128918527343,0.00125029567124776,0.0013564425068269595,0.0014776873916616435,0.0016153055302822355,0.0017707423219775014,0.0019456281083464705,0.0021417948885091844,0.002361295205133765,0.002606423433635832,0.0028797397389853712,0.003184096999523078,0.003522671034907365,0.00389899451545378,0.004316994972103239,0.004781037369150511,0.005295971744367058,0.005867186461480778,0.006500667655822939,0.007203065482458429,0.007981767793872644,0.008844981877398374,0.009801824866725997,0.010862423402419306,0.012038023048371845,0.013341107868967955,0.014785530428463489,0.016386652280680716,0.018161494761824083,0.02012889957005864,0.02230969820934102,0.024726888919764198,0.02740581931115099,0.030374372784583072,0.033663157362842075,0.03730569731046586,0.04133863148942073,0.045801928086121976,0.05073913285426394,0.05619767627044295,0.06222927257877016,0.0688904496130481,0.0762432511794743,0.0843561471743677,0.09330515637830561,0.10317514396661626,0.11406135448580695,0.1260718065260626,0.13933068664817488,0.15396778679303907,0.17001868142375734,0.18701150732855773,0.20156377100308392,0.21813154089753137,0.23570859816751663,0.25484341303795216,0.27478055429073855,0.2938650221555236,0.3142899975086506,0.33405536754504345,0.35491109222033235,0.37722813441667535,0.40110265238979875,0.42470673034033496,0.44945751540010087,0.47600009597070075,0.5026839065602251,0.526672768441062,0.5532019392561808,0.5825575283445564,0.6076128953914169,0.6334328191347574,0.6593060291291561,0.6883180558608535,0.7172911702157418,0.7439915636762975,0.7678940874074963,0.7958159430339043,0.8188614069027507,0.8420898011908108,0.8631760421923189,0.8853942996264033,0.9038099174963069,0.9224645128853705,0.9401353166350026,0.954057616495293,0.9658880273673928,0.974968226988718,0.9809817682663843,0.9837518568975517,0.9844482565620678,0.9827680163078022,0.9813237356914978,0.9777088284702983,0.9731486793893435,0.9653536021635954,0.9577800162371428,0.9530325684863794,0.9422936852446565,0.9302096317598422,0.9160125355654657,0.8993723324022586,0.883831122287996,0.8662284778127235,0.8479202199251451,0.8303760351312768,0.8112405919738226,0.7873351907741389,0.7653689407120147,0.740513283330183,0.7168804929020061,0.6888757840428357,0.6600084483105773,0.6317824854825349,0.6040085936143166,0.5744362668233677,0.5445314619283397,0.5171926254920487,0.49138047611951297,0.46292297821889244,0.4377370197138608,0.4114340312643177,0.3829323586467057,0.3568053075814611,0.3318110604167278,0.30819942353031066,0.28660375905514585,0.26484579134863556,0.24400523558989,0.22506532322219966,0.20608884278637882,0.1889592740863558,0.1724181086784407,0.15717975788941832,0.14316197654563875,0.13012152059503793,0.11809545893575304,0.10707855187935286,0.09702399398419803,0.08786834787607657,0.07954458657216816,0.07198643689876427,0.06512996317484239,0.05891453609525008,0.05328342355524907,0.04818402347316393,0.04356785250978637,0.03939040415951072,0.03561094372853952,0.03219227380046473,0.02910048799684192,0.02630472407368421,0.023776923609622403,0.021491602759338518,0.019425636437180094,0.017558056830914676,0.015869866239819085,0.014343863744935605,0.012964485008879955,0.01171765445077694,0.010590649065913667,0.009571973208211657,0.00865124369962868,0.007819084663625797,0.007067031499121177,0.006387443420768777,0.005773423996094176,0.005218749114564319,0.00471780183128695,0.004265513540498575,0.003857310951854966,0.0034890683654628055,0.003157064768736673,0.0028579453084365534,0.002588686723495481,0.002346566357422997,0.0021291344022560375,0.0019341890584909868,0.001759754326615369,0.0016040601753769367,0.0014655248595376764,0.0013427391854352007,0.0012344525461835628,0.0011395605698313667,0.0010570942433517597,0.0009862103930978342,0.0009261834184731107,0.0008763981902083707,0.0008363440379770651,0.000805609764295597,0.0007838796329119946,0.0007709302903507971,0.0007666285891103189
101,0.0008332452605841263,0.0008380280918360789,0.0008524273367630018,0.0008765957562077838,0.000910789648019971,0.0009553714105304396,0.001010813169383262,0.0010777015065191445,0.001156743342383687,0.00124877303563066,0.0013547607789316574,0.0014758223852248192,0.0016132305760810342,0.0017684279030851305,0.001943041454469733,0.002138899522937869,0.0023580504368802702,0.0026027837862054194,0.002875654305858036,0.0031795087148081417,0.003517515845709608,0.0038932004402229495,0.004310481026587535,0.004773712338507492,0.005287732776485167,0.005857917452637853,0.006490237395496316,0.007191325519495258,0.00796854998148365,0.008830095549784481,0.009785053595896816,0.010843521280294817,0.012016710436975471,0.013317066560744798,0.014758398159537582,0.01635601654158,0.01812688585087046,0.020089782829765496,0.02226546536731097,0.02467684840905948,0.027349185352876608,0.030310252860971013,0.03359053749102296,0.037223424276695026,0.041245390986206436,0.04569621754652809,0.05061922750639192,0.05606158573238156,0.06207468118312173,0.06871462259241023,0.07604286317737634,0.08412693345500469,0.09304116709220434,0.10286712901809646,0.11369324389843154,0.1256127229896254,0.13871554116679052,0.15305126252767282,0.16849811441333795,0.18456262606724508,0.2005367911373193,0.21755277122512667,0.23520866074095625,0.25467473786857703,0.2742748138826751,0.2942036667030194,0.31479941480632395,0.3353590307348883,0.35582700277501467,0.3790688569958015,0.4022684344163955,0.4272136048528583,0.4508607541887273,0.47735372259073955,0.5047212185501948,0.5287566640880345,0.5551448961089233,0.5828753703914038,0.6092605315207451,0.6373553856867005,0.6623901526275622,0.6911003091864739,0.7174241443756041,0.7452219572123305,0.7706367453095505,0.7971088739750718,0.8215327113202916,0.8449034515792148,0.8673828302733843,0.88886342542411,0.9067496368976818,0.9230114954426357,0.9408864269122522,0.9560745849353199,0.9685000754275639,0.9771867724930143,0.9841890500513543,0.9870213157891995,0.9876005772742008,0.9860090098542281,0.9847313942490327,0.9792492112287297,0.9763778497396158,0.9682027289942612,0.9629197147571309,0.9557920157615246,0.9454966990062716,0.9304337053973987,0.9148455923518353,0.8988272713172073,0.8810737007894389,0.8630021432725159,0.8461501844957329,0.8293464753815916,0.8111412505821509,0.7878898909795691,0.7660587662937542,0.7413601580631809,0.7177452088253576,0.6907213561189457,0.6625556734624499,0.6334386078470114,0.6048881446899599,0.5755280425336119,0.5486770553049537,0.5217444952189363,0.49322299339786263,0.46600701326894384,0.44018931156772406,0.414628652754701,0.38568898174728733,0.35927219026248913,0.3333646708420076,0.3095432387957925,0.2874409893345694,0.2665072467632195,0.24471058890757613,0.2250797315394933,0.20696288605400867,0.19106535377859346,0.17323960465289567,0.15756146872899665,0.14333454381658853,0.13026819962077746,0.11826455539484547,0.10726791797008259,0.09722161928431786,0.08806408231379602,0.07973165542792367,0.07216078393908555,0.06528951254100165,0.05905859980323044,0.053412225918209294,0.04829833771440768,0.04366874460658039,0.039479065140810114,0.03568858636991257,0.032260072542049295,0.029159546433029634,0.02635605942392772,0.023821461342400718,0.02153017710009034,0.019458994151758398,0.017586862721291622,0.015894709430559425,0.014365264224604987,0.012982900117824048,0.011733485138540495,0.010604245817493443,0.009583641582554916,0.008661249450629613,0.00782765843142045,0.007074373071989913,0.006393725577453864,0.005778795945683232,0.005223339556602328,0.0047217216626118915,0.0042688582375956284,0.003860162658487153,0.003491497715200671,0.003159132471032087,0.0028597035253119904,0.0025901802619667895,0.002347833700618412,0.002130208599973632,0.0019350984957499677,0.0017605233866707028,0.0016047098117238272,0.0014660730896553693,0.001343201517418026,0.001234842347981135,0.0011398893895635412,0.0010573720880675964,0.0009864459723998,0.0009263843586155248,0.0008765712235901549,0.0008364951723712555,0.0008057444356807855,0.0007840028453840801,0.000771046746288687,0.0007667428125395187
102,0.000831418053612045,0.0008361878410665957,0.0008505477797870993,0.0008746501038192988,0.0009087502251302678,0.0009532092851152652,0.001008497764397609,0.0010752001894315205,0.0011540209866046838,0.0012457915476334937,0.0013514785842733137,0.001472193865961611,0.0016092054512145885,0.0017639505426532902,0.00193805011668681,0.0021333255023613454,0.0023518171099035775,0.0025958055382128736,0.002867835322090611,0.003170741614340651,0.0035076801348993382,0.003882160758536494,0.004298085153846519,0.0047597889283480434,0.005272088776283289,0.005840335165469602,0.006470471135138225,0.0071690978054324075,0.007943547217981996,0.00880196313216199,0.009753390389382888,0.01080787342387313,0.011976564438328991,0.01327184167109488,0.014707438050849253,0.016298580354142146,0.018062138734287657,0.02001678615608432,0.022183166831830956,0.024584072218603023,0.027244622585723147,0.030192451816891612,0.03345789340244318,0.03707416713454964,0.04107756949047604,0.045507676287727644,0.050407573053940904,0.05582413435953183,0.06180837491924268,0.06841588952609198,0.07570737997891971,0.08374921210276084,0.09261379758097969,0.10237930336169483,0.11312786191692263,0.12494123006709662,0.13789113019941712,0.15201107953613602,0.16721570748959802,0.18320524086185422,0.19964969539154048,0.21758195794711083,0.23420611859429036,0.252620965224655,0.2718343969916318,0.292539583547298,0.31264028448978265,0.3354613821635485,0.3554181105637998,0.3796733850689657,0.4023658226154826,0.42616645396513264,0.45135103982452246,0.4767668497703349,0.5029258998608006,0.5282120152538327,0.5561138194100818,0.5820481382875796,0.6084860301699488,0.6343845639108805,0.6617514311804904,0.6898536597323026,0.7159415889571646,0.7423697913006368,0.7689478988587644,0.7944841159477344,0.8194095544645296,0.8416157205684842,0.8661679660304914,0.8897384260001259,0.9082463756526463,0.9257119536815602,0.9418279307357624,0.9557112959540178,0.9693481701124056,0.9783862897585663,0.985467950940677,0.9874277911028363,0.987788710041778,0.986816081943415,0.9836179465888375,0.9792159115920424,0.9761157643575321,0.9690128405146503,0.9641451603828886,0.955932045602723,0.9444151281174871,0.9282773737474284,0.9138874309666497,0.8964069292284779,0.878699570650626,0.8628083104053702,0.8454319103393062,0.8270846472373903,0.8067565932138628,0.7871916478031316,0.7636382116464897,0.7382480721625323,0.7160140214181618,0.688199224129202,0.663431096841285,0.634370432472402,0.6062814143416585,0.5769449755379228,0.5490802223369318,0.5227343292044699,0.49479103565415644,0.4667349924582555,0.4401919075149143,0.4158369755976035,0.38819408034047564,0.35984306238979064,0.3346845255371292,0.31064590023904093,0.2876283152649362,0.2673427823444767,0.24498742194403494,0.2251564421047202,0.2070590868457287,0.18994499513807195,0.17316063661358644,0.15763655771457458,0.1433926801782796,0.1303165458282885,0.11831973735435161,0.10733345836433969,0.09729415309246166,0.08813877793302519,0.07980433590664918,0.07222850450805926,0.06535055993203184,0.05911225438525903,0.053458457442064664,0.04833753450675998,0.043701514065747224,0.03950610362221045,0.035710601566348046,0.03227774076866588,0.029173491412115095,0.026366843648281523,0.02382958449147561,0.021536078227761307,0.019463055751241347,0.017589415598403955,0.01589603779753034,0.01436561070210065,0.012982470487391064,0.011732452771900936,0.010602755753359984,0.009581814244047925,0.008659184007662834,0.00782543581854852,0.007072058676195501,0.0063913716134634,0.005776443538986756,0.005221020556375243,0.004719460208069686,0.004266672101886689,0.003858064394065338,0.003489495623817885,0.0031572314201953906,0.0028579056314157365,0.0025884854584828044,0.002346240207826987,0.002128713310837266,0.0019336972907349056,0.0017592113886494654,0.0016034815905676485,0.0014649228247578517,0.001342123125180094,0.001233829580226286,0.0011389359079316034,0.0010564715186431185,0.0009855919441555043,0.0009255705286797664,0.0008757912918685214,0.0008357428876556127,0.000805013595054703,0.0007832872884732874,0.0007703403457019098,0.0007660394616929505
103,0.0008286835775287417,0.0008334342325694591,0.0008477365187833034,0.0008717419009803555,0.0009057044975446327,0.0009499836144570814,0.0010050473302165696,0.001071477169756504,0.001149973917507835,0.0012413646327093853,0.0013466109441339265,0.0014668187168126326,0.0016032492003384942,0.0017573317871520141,0.001930678530099432,0.002125100591733707,0.0023426268235073734,0.0025855247013497726,0.002856323875231587,0.0031578426242063673,0.00349321754496071,0.003865936840803812,0.00427987761875477,0.00473934764412408,0.0052491320435664205,0.005814545487436052,0.006441490418399188,0.007136521923208458,0.007906919865484927,0.008760768906133917,0.009707047031286444,0.010755723181897592,0.011917864530519028,0.013205753874494615,0.014633017503622656,0.01621476374182314,0.017967732135962786,0.019910452940711167,0.02206341609332476,0.0244492482754464,0.027092895984056477,0.030021812001966738,0.03326614273099681,0.036858915223889885,0.04083622611302707,0.04523744006450829,0.05010541153307133,0.05548674739241284,0.061432126158343967,0.06799668106050963,0.07524043686394279,0.08322873731362398,0.09203243348728542,0.10172728139533377,0.1123918747745746,0.12410461325303725,0.13694337367802717,0.1509894565944978,0.166285298885197,0.18268133264351807,0.19880018412942846,0.21738565569511348,0.23304366896920725,0.2513711102553154,0.2695877255958208,0.29004317881127367,0.31007562810517536,0.33126929493307,0.35322986128444694,0.37684468132926635,0.4023838604903328,0.42568845867461497,0.4503512271107541,0.47451107003869714,0.5016414802153404,0.5275816203302,0.5554832927064425,0.5810085892700507,0.6077775128663249,0.6329352790837119,0.6600122832160352,0.6869427469090886,0.7131053210353242,0.7398629347427659,0.7682092337654601,0.7932335483845072,0.8146693129742395,0.8384688579456044,0.8625767356651088,0.8861638952376266,0.9046704849423249,0.9221273855517371,0.9380125802335451,0.9532664378405517,0.9658515086120243,0.9755710635378846,0.9826276804305333,0.9839212977418569,0.98389054523871,0.9843644043025939,0.9814135146505397,0.9756061126273713,0.9743129924425059,0.9684815628089182,0.9629745447852942,0.9535346172951856,0.9421079352295347,0.9249525576020001,0.9099338759280257,0.8940146704769929,0.8763596110080698,0.8592856693370905,0.8406706712360897,0.8210984299840234,0.802019697686075,0.7809090462463154,0.7567411070808381,0.7321075950308205,0.7102323082999293,0.6858809833198998,0.661740003285224,0.6342611219860125,0.6074694416454672,0.5770641478601265,0.5477729008021504,0.5215370454284843,0.49299533311269267,0.4651674964112053,0.4403330912643877,0.41651267330321756,0.3867235493291001,0.3589992449796844,0.3335228132920125,0.30927448334966773,0.2865524279190412,0.26553248160203163,0.24443668983330782,0.22502808126182644,0.20759436192758116,0.18983797955278275,0.1730747765122476,0.1575865410111857,0.14334439599864052,0.1302641015803919,0.11826794634602845,0.10728575723454502,0.09725102207902614,0.08809912089140398,0.07976670321661797,0.07219173292311765,0.06531397437629992,0.05907561957956274,0.05342183549381764,0.0483011443748364,0.043665630313804674,0.03947099657963641,0.03567650793658993,0.032244852806489505,0.02914195597069936,0.026336765789582335,0.02380103278836454,0.021509090349915355,0.019437643714643512,0.017565570450507474,0.015873733693193372,0.014344808404439323,0.012963120356457532,0.011714497308940627,0.010586131762531266,0.009566454663847831,0.008645019454602925,0.007812395877628013,0.007060072966941501,0.00638037065653228,0.005766359445993422,0.0052117875641335566,0.004711015077293041,0.00425895439928675,0.0038510166755356995,0.0034830635349561018,0.003151363728834623,0.0028525542051737905,0.002583605198665346,0.002341788949407211,0.00212465169672337,0.0019299886271590741,0.0017558214872819707,0.0016003786018799083,0.0014620770662236294,0.0013395069071042726,0.0012314170313131759,0.001136702802135884,0.0010543951043728336,0.00098365077650526,0.0009237443050518085,0.0008740606910792453,0.0008340894124161285,0.000803419417548397,0.0007817350986241555,0.0007688132016292103,0.000764520641775889
104,0.0008250525159360061,0.000829778040411301,0.0008440046007780588,0.0008678826548981472,0.0009016646278496371,0.0009457074231040028,0.0010004759749421563,0.0010665478796718971,0.0011446191550890006,0.001235511190384762,0.0013401789625604875,0.001459720610589035,0.0015953884752973064,0.0017486017314676883,0.0019209607592053125,0.0021142634244161935,0.0023305234634914103,0.0025719911951592655,0.0028411768130560218,0.0031408765458945196,0.00347420200807486,0.0038446131019143786,0.004255954872894092,0.004712498760678821,0.00521898873010411,0.005780692806412884,0.006403460575969557,0.007093787245322063,0.007858884875374377,0.00870676142095163,0.009646308206530839,0.010687396453754147,0.01184098344275493,0.013119228833514948,0.014535621588606482,0.016105117811276937,0.017844289617965227,0.01977148486238889,0.02190699707059015,0.024273244301904025,0.026894954869545285,0.029799357168492562,0.03301637078495825,0.03657879739428283,0.04052251344010226,0.04488667211887969,0.0497139277185952,0.05505069667892494,0.06094746314441102,0.06745912390359954,0.07464535137765835,0.08257090522454918,0.09130564591729329,0.10092364830124813,0.11150071962599639,0.12311154059135644,0.1358391416946949,0.14985624890387989,0.16548648040153985,0.18057149321346827,0.1970296724590822,0.2153833665680881,0.23092612833640064,0.24867699032600626,0.2668669984299689,0.2865208720210667,0.30822916689831326,0.3284259690741812,0.3513828401805861,0.3744514434038356,0.4003526611050593,0.4255665696955081,0.448918410949822,0.4719855296627562,0.498552314711833,0.5235732683229698,0.5502225400191358,0.5776694323161647,0.6050893462649884,0.62987795282535,0.6555979105561089,0.6815947025786298,0.7090516353938006,0.7359423631042066,0.7611318020334885,0.7862273802840991,0.8113656821880008,0.8351074546513887,0.8598406705328457,0.8813909315888403,0.9018561768818308,0.9204793102568665,0.9358286596239707,0.9478606802466574,0.9592402742209036,0.969091994220204,0.9762568332961892,0.9789881126056713,0.9803578678828003,0.9799177040676207,0.9766398763288103,0.9720255805530877,0.9683663617154332,0.9621688233274702,0.9569684405911116,0.9469657476721475,0.9363793599956513,0.92032531524683,0.9048794030988219,0.8881541117228241,0.8732834944957758,0.855161240311448,0.834934915813069,0.8153851795720537,0.7934966151593925,0.7717911492458998,0.7502061694691659,0.7263794655857183,0.7036219065783695,0.6830602073939868,0.6596731250865817,0.6333290350455756,0.6046138883914606,0.5749002789192125,0.5469007304870871,0.5186343475423789,0.4898265855291837,0.4631912237677646,0.43875517082669657,0.41219635316671716,0.3847975031962729,0.35757197517207634,0.3330125850859806,0.30830369508430877,0.2856262415399095,0.26558725236030545,0.24379039958399382,0.22435446064694703,0.2065510659757424,0.1900169931505603,0.17292252221632992,0.15741916242256354,0.14318529608925873,0.13010484887120274,0.11810788990530453,0.10712684073158261,0.0970949369082549,0.08794709188942428,0.07961970103273049,0.07205057595790812,0.06517933950403693,0.058948021226590194,0.05330160783194334,0.04818844187329153,0.043560446940886455,0.03937319614910145,0.03558585724802747,0.032161051883804546,0.029064662811372124,0.026265615234028157,0.02373565023850207,0.021449101422455367,0.01938268086880883,0.017515277434448966,0.01582776844126895,0.014302844840215519,0.01292484942317735,0.011679627453701692,0.01055438903292566,0.009537582528324616,0.008618778424622083,0.007788562986805934,0.007038441146946317,0.006360748039255003,0.005748568614782546,0.005195664772352198,0.004696409449236309,0.004245727126001122,0.0038390402159753562,0.0034722208310264137,0.003141547441146459,0.002843665974753489,0.002575554938444188,0.002334494168063092,0.002118036856371606,0.001923984535485843,0.0017503647239720485,0.0015954109785943109,0.001457545118914027,0.001335361419090443,0.001227612585278945,0.00113319735900124,0.001051149606860443,0.0009806287751258002,0.000920911604173703,0.0008713850127155811,0.000831540075347446,0.0008009670293985783,0.0007793512585129339,0.0007664702110349426,0.000762191221253122
105,0.0008205386628982341,0.0008252331736423524,0.00083936628173992,0.0008630872063113487,0.000896646289395085,0.0009403974791056067,0.0009948018421883948,0.0010604321428829126,0.0011379785366729333,0.0012282554400332975,0.001332209650884481,0.0014509298093607788,0.001585657304911154,0.001737798753914317,0.001908940192130425,0.0021008631486506865,0.002315562792742554,0.002555268372286231,0.002822466192467115,0.0031199254160574584,0.0034507270019058056,0.0038182961359217306,0.004226438548469529,0.004679381153002435,0.005181817482031918,0.005738958436878118,0.006356588905518215,0.00704113083639848,0.007799713383286769,0.008640250755081789,0.009571528413098334,0.010603298255127982,0.011746383409010564,0.013012793226082233,0.014415849010804121,0.015970320933211882,0.017692576417253476,0.01960074003294207,0.021714864481656118,0.024057111606593212,0.026651941530749856,0.029526307284958662,0.03270985224421115,0.036235109280212785,0.0401377046252736,0.04445657576952997,0.04923421845298158,0.05451697717072931,0.06035538092750964,0.06680450129916246,0.07392427298771298,0.08177963257150776,0.09044012473262682,0.09997837400895668,0.11046647995706005,0.1219646125906244,0.13448498765525263,0.14823939200771707,0.16325384166319346,0.17867840878440208,0.1944528307423311,0.21112365034516672,0.22817510089292867,0.24731408518748846,0.2646191368541941,0.2827919059766468,0.3031506610920471,0.32451989922771696,0.3479181841121229,0.37114906452940727,0.39762774265928835,0.42207280854590684,0.44443011232098933,0.46880808029303733,0.4933680229488808,0.5201436455733278,0.5471696066349145,0.573921437329393,0.5991165646390544,0.624733784647861,0.6522599586185883,0.6775805201681939,0.7047900838744908,0.7307926244243397,0.7547367667972077,0.7796825219294146,0.8035109589567598,0.8281219793481815,0.8545117851598927,0.875232547614251,0.895235171661685,0.9130459817237817,0.9281783840530934,0.9405862514889759,0.9511180261301772,0.9618517122896334,0.9683622248543332,0.9722959548646058,0.9728391573127272,0.9730693869478376,0.971244609429778,0.9662537373263139,0.9627052114783312,0.9555777453160975,0.9473570854156195,0.9406771627478324,0.9300000831148332,0.9152767454616283,0.9005642415892738,0.8825274556344855,0.8671584918739971,0.8475777780935438,0.8260459497310577,0.8064325031097032,0.7858279110535887,0.763771704493863,0.7422143378274506,0.7193489040593783,0.698196693098349,0.6765733188917815,0.6535615352529489,0.6288410571581999,0.5994458327221093,0.5713956535807151,0.5437279152599435,0.5144780210252102,0.4866678421373237,0.45860672655516727,0.4321140256764745,0.40724676588797254,0.3812671462896072,0.3552388828929198,0.3313118955816609,0.3072700046755692,0.28400655058946345,0.2626821899606392,0.2423102038100044,0.22340827955184525,0.20554248815159365,0.1886711426836934,0.17231506213007008,0.15707038448901284,0.14290501272185743,0.12983342996826686,0.117836585787981,0.10685481274195505,0.09682396516042069,0.08768044125291365,0.07936094299563179,0.07180275447963072,0.06494464081605274,0.05872777340983698,0.05309641918861546,0.04799837197678811,0.04338516571768219,0.039212115433672506,0.03543823191224097,0.032026053320098495,0.02894142982780447,0.0261532878009624,0.023633390912969496,0.021356108278258644,0.01929819474823126,0.017438585487076472,0.015758205274641054,0.01423979215658029,0.012867734713481283,0.011627922120736205,0.010507606185857611,0.009495274606464231,0.008580534753292436,0.007754007332333192,0.007007229314472467,0.0063325655419241966,0.005723128432950782,0.005172705214871718,0.004675692124303874,0.004227035025743805,0.00382217591641353,0.0034570048070442384,0.0031278164944813836,0.0028312717717189364,0.002564362653083944,0.0023243812256719025,0.0021088917717751333,0.0019157058401236514,0.0017428599756380086,0.0015885958476282622,0.001451342544677334,0.0013297008306700706,0.0012224291805273094,0.0011284314362138143,0.0010467459436049164,0.0009765360489537619,0.0009170818501593105,0.0008677731129686316,0.0008281032758355609,0.0007976644795810763,0.0007761435694345958,0.0007633190276492661,0.0007590588048403655
106,0.0008151588257620912,0.0008198165781271487,0.0008338389254217574,0.0008573736232788745,0.0008906685528535516,0.0009340741710085039,0.0009880469759670982,0.0010531540245838763,0.001130078548804182,0.001219626731144589,0.001322735712329965,0.0014404829187846975,0.0015740968137151806,0.0017249691932622094,0.001894669168868347,0.0020849589988110634,0.0022978119559932636,0.0025354324457221634,0.0028002786164586786,0.0030950877384226423,0.003422904659433264,0.0037871136842529494,0.004191474262616915,0.004640160911490298,0.005137807838073349,0.005689558770586816,0.006301122542577883,0.006978835011869365,0.007729727925748704,0.008561605368114868,0.009483128441003751,0.010503908841671575,0.011634611997054674,0.01288707040901695,0.014274407841836086,0.015811174934417548,0.017513496713804384,0.019399232271115847,0.021488146466537694,0.023802092905739355,0.02636520663294662,0.02920410432818533,0.03234809000279347,0.03582936639845467,0.039683257617644144,0.04394845682981508,0.04866732113145413,0.053886236844723934,0.059656063559162094,0.06603262266859942,0.07307709111025645,0.08085589371693946,0.08943927415702564,0.09889849561013762,0.10930749063726133,0.1207452183725293,0.13291262571015056,0.14647970579918762,0.16209886643951638,0.1755918336718977,0.19101249045864138,0.2074375430394904,0.22481636826437618,0.2431645554039268,0.2602758806914226,0.2787094627327785,0.2987336544141978,0.32016460941606556,0.3430202181009695,0.3664417551471808,0.39243580564720526,0.4160781432925125,0.44055149320045645,0.4647374595402917,0.48832129415713194,0.5152061505626504,0.5441631553946503,0.5692972834441589,0.5949481536280747,0.6211061730255935,0.6478677806888385,0.6715773644855134,0.6981686730369187,0.7246098221426266,0.7509349936359471,0.7747104565382429,0.7989322160637052,0.8235226370549423,0.8460641663200086,0.867702443602104,0.8889326802541415,0.9058089540326173,0.9209488257485314,0.9326695710056551,0.9431620666643601,0.9530187694903454,0.9576237046918147,0.9621578515952098,0.9628616261657829,0.9631894251304897,0.9598657370402967,0.9552618235657724,0.9511788524583454,0.9441656982349382,0.9371268798666018,0.9291200442830213,0.9191322479664539,0.9075168570541913,0.8933634911911673,0.8741786592099068,0.8588436232573028,0.8384099602186489,0.8184869325136503,0.7957333037761802,0.7769620272512049,0.7560478665863243,0.7323323447471408,0.7118944162136062,0.6933645430052047,0.6714620686703541,0.6453840161458683,0.620305341793639,0.5924703399655519,0.5636800239060347,0.5366006075876537,0.5078529104971191,0.4798299765788115,0.45317045188383126,0.42622518044667057,0.40126391386670857,0.37600230496651965,0.3523005603324059,0.32825805867342306,0.3041195037440961,0.28242425920396225,0.26062677663260225,0.2408920446333631,0.2228452891742297,0.20501458591792254,0.18770489147040514,0.17159689137518078,0.15668412721363628,0.14254670992023327,0.12945496065142673,0.11745471822813944,0.10646706848834846,0.09643274297106322,0.0872928181324388,0.07898448282431428,0.07144335651845585,0.06460610123319255,0.058412095436307127,0.05280428329106755,0.0477295528303915,0.04313885370637471,0.03898715047484891,0.03523326689102957,0.031839664142162695,0.028772186676347882,0.02599979925228533,0.023494329704860453,0.021230225049653835,0.019184324106139003,0.017335647304318108,0.015665203103591065,0.01415580995956137,0.012791932664547472,0.01155953194918809,0.010445926352672004,0.009439665492554983,0.008530413968254005,0.007708845208309686,0.006966544622178734,0.006295921448436255,0.005690128709791448,0.005142990697710552,0.004648937420771479,0.0042029454645329395,0.003800484728484568,0.003437470528078043,0.003110220576563111,0.0028154163914919164,0.002550068703213583,0.0023114864763476915,0.0020972491891011534,0.0019051820485539942,0.0017333338520563134,0.0015799572352077798,0.0014434910752529652,0.0013225448449762384,0.0012158847362810524,0.0011224213946324385,0.0010411991255281981,0.0009713864522823237,0.0009122679208169136,0.0008632370620426681,0.0008237904359446448,0.0007935226938602371,0.0007721226068168408,0.0007593700183573126,0.0007551336901845394
107,0.0008089327098200058,0.0008135481200548724,0.0008274428833870505,0.0008507630753168179,0.0008837537519366927,0.0009267613624401747,0.0009802371611879039,0.0010447416546190123,0.001120950129437109,0.0012096593204549094,0.001311795289447815,0.001428422600551535,0.0015607548933553512,0.0017101669721077731,0.0018782085485811498,0.0020666197973445662,0.0022773489056614744,0.002512571826121888,0.002774714468555239,0.0030664775987996637,0.0033908647454864663,0.003751213451973932,0.004151230248618787,0.004595029760207353,0.005087178403872426,0.005632743173269076,0.0062373460440549155,0.006907224572587694,0.007649299293026425,0.008471248546787723,0.009381591402217572,0.010389779341829216,0.01150629741061171,0.012742775532335873,0.014112110708587892,0.01562860080526334,0.017308090573750195,0.01916813039531603,0.021228147906398084,0.023509632112548577,0.02603632890705134,0.0288344464467353,0.031932869450394454,0.03536338454101069,0.039160925750296685,0.04336386081930252,0.04801435314739185,0.0531588462020174,0.05884871851974314,0.06514112325763731,0.07209983877218959,0.07979519657043095,0.08830008032175878,0.09767802387654037,0.10799469709292757,0.11972696519447953,0.13092422493217937,0.14371766219564203,0.15774379655788248,0.1720431459883378,0.18747344560215534,0.2040016334346015,0.22192008394391732,0.23854652141315574,0.2559499038041202,0.27443691746266147,0.29440017141112756,0.3159094539820424,0.339186045620759,0.3609720684077841,0.38507497798376655,0.40808443697414376,0.4328258488124113,0.45723241865169006,0.48245085789966674,0.5103582462789522,0.5367958017862318,0.5623372764176076,0.589457523145532,0.6138004481190167,0.6402529060368782,0.6659839598126788,0.6916202989121895,0.7184864100437155,0.7464296754437387,0.7696989825095504,0.791633149062902,0.8156215673089462,0.8361304327506061,0.858430253990235,0.8780930376947772,0.894318678173481,0.9080281064700931,0.9197499680737671,0.9321046033083186,0.941831958888453,0.9473116968412805,0.9514242711438936,0.9511308677443406,0.9517052945169735,0.9468786526487292,0.9436308765498825,0.939339127243135,0.9334935398307823,0.9255464687924148,0.9165607042251518,0.905477389219574,0.8941306992687061,0.8821373995973479,0.8657000337495392,0.849058777903382,0.828672763500766,0.8073555894681792,0.7851295403100815,0.7654633295577045,0.7454935465046277,0.723030637798922,0.7016635173529524,0.6825345228032209,0.6607040603625358,0.6359632758593646,0.6097347690213334,0.5825974287221053,0.5569812917397784,0.529713556237851,0.5000270014049262,0.47356783121122065,0.4486120493834969,0.4205344935345938,0.39508217619588215,0.371150890287747,0.3479793757370321,0.3238099678879989,0.30039209883953816,0.27967290032100844,0.25833518002128514,0.2393743779234165,0.2204576211696333,0.20260059153287638,0.18598981551592714,0.17044005160924988,0.15650436500229456,0.1421485255859573,0.12895517505580345,0.11696804769671898,0.10596198996715368,0.09591194766849112,0.08677295313533777,0.07848033778851474,0.070964685307744,0.06415821227893531,0.05799721582213542,0.05242269992406947,0.04738038083176515,0.04282052919108599,0.038697747420976016,0.03497070098677318,0.031601821752314505,0.02855700370606978,0.02580530682105541,0.02331867827580922,0.021071694922310737,0.019041327526613208,0.01720672560252645,0.015549021020538697,0.014051148508351272,0.012697681343846723,0.011474680798719692,0.010369558137379335,0.009370948178534661,0.008468593578972604,0.007653239104847068,0.00691653522442583,0.006250950398083188,0.005649691466205179,0.005106631551821677,0.004616244908354647,0.0041735481579177995,0.0037740473843012553,0.003413690567863864,0.003088824876786367,0.0027961583596876043,0.002532725617397914,0.002295857065615906,0.0020831514342516235,0.0018924511826609207,0.0017218205420788865,0.0015695259269282273,0.0014340184850402758,0.001313918583045606,0.0012080020472379856,0.0011151880021386272,0.0010345281688928219,0.0009651975036613015,0.000906486072490701,0.0008577920739401521,0.0008186159341875677,0.0007885554116214659,0.0007673016592191549,0.0007546362034897966,0.0007504288085834901
108,0.0008018827860497693,0.0008064504523765214,0.000820201357512556,0.000843279689252333,0.0008759273297469038,0.0009184862259056616,0.000971401741583159,0.0010352270258836547,0.0011106284427478224,0.0011983921186021923,0.0012994316774440858,0.0014147972465022361,0.0015456858307614466,0.001693453171377411,0.0018596272215435315,0.0020459233939063943,0.002254261756346423,0.0024867863780042416,0.0027458870549596313,0.0030342236750176125,0.0033547535136028554,0.0037107617876798583,0.004105895831637781,0.004544203297778906,0.005030174823821549,0.005568791649884281,0.006165578706825991,0.006826663735589177,0.007558843032460827,0.008369654447430652,0.009267458292296488,0.010261526843025264,0.011362143149198848,0.012580709894044476,0.013929869080234573,0.015423633338876641,0.017077529643964955,0.01890875611038473,0.020936352293117633,0.023181382950187006,0.02566713467874348,0.028419324590079904,0.03146632117097872,0.03483938118861823,0.03857291478748932,0.04270480541896429,0.047276833077540166,0.052335281189221934,0.057931859142794445,0.06412515545205488,0.07098286002784954,0.07858415814782227,0.0870154144506251,0.09631569182440852,0.10612478407733252,0.1169021927170234,0.12829051687746423,0.14072698046418763,0.15419050686385777,0.16853029694605992,0.18400209358298916,0.20036668635332985,0.21819524970654497,0.23419872213580892,0.25161094174523546,0.26998278531794134,0.2899738344988432,0.3114434294393862,0.33527855934717415,0.355005690579568,0.3774857937577468,0.40044898345380275,0.4246739599989177,0.4481434380176441,0.4731606961463123,0.5002969828418093,0.5278763723148004,0.5537251659665817,0.5797067525192515,0.6044072255218904,0.6301827624169665,0.6571687055024216,0.6839576936425269,0.7112524906179071,0.7367089280419892,0.7627233832118671,0.7840563294633183,0.8052377313610167,0.8243920488287451,0.8462498224287835,0.8645933472693027,0.8823248781926429,0.8942537266847501,0.9068451561947638,0.9188292910444227,0.9278552404867738,0.9334645040739682,0.9364418643005471,0.9399644188723908,0.9402668171394718,0.9360138964572312,0.9297195817942893,0.9252445209889877,0.9200601072216116,0.9139175285819832,0.9029056040554773,0.8926059428473919,0.8789488648204333,0.8666512936991468,0.8512820979202278,0.8342356746770183,0.8153816720835126,0.794247503578979,0.7726132500574245,0.753167280116577,0.7338933197444032,0.7127931857497019,0.6906984932367498,0.6711344315854052,0.6491216227149518,0.6239534066436898,0.5994338486478379,0.5729604092912995,0.5445808465356379,0.5180963432548042,0.49131607919550246,0.4646594105079524,0.43933384729760727,0.4144705320999299,0.38966780309982835,0.3648452219192247,0.3405072642815905,0.31751045694919566,0.29586831858502355,0.276162285417675,0.25544106433797187,0.23609015834706154,0.21841822023936366,0.200398308252302,0.1840793063733936,0.16863213655502413,0.15450999180326144,0.1415987986557618,0.12822508076005046,0.11641390706996707,0.1053449638182854,0.09524536584907081,0.086102636661082,0.07783404439242406,0.07035651997808862,0.06359416895990158,0.057478774440594974,0.05194897024820652,0.046949261604636916,0.042429326005185966,0.03834351822668244,0.03465045820966721,0.03131265131644867,0.02829613259175354,0.025570138069965376,0.023106805576643692,0.02088090470682435,0.01886959372399509,0.017052200335127988,0.015410023285760247,0.01392615208528018,0.012585302650723523,0.011373667109731572,0.010278776375448004,0.009289374387714346,0.008395303115024864,0.007587397546008608,0.006857389984340143,0.006197823012152507,0.005601970517065973,0.005063766196909786,0.004577738971341085,0.004138954745514584,0.0037429639902421237,0.0033857546266051583,0.0030637097305668912,0.0027735696039738267,0.0025123977913661193,0.0022775506561263695,0.002066650163690716,0.0018775595530064234,0.0017083616095283866,0.001557339283374964,0.0014229584245488694,0.0013038524332445575,0.001198808647187855,0.0011067563097427852,0.001026755982285839,0.0009579902822371213,0.0008997558443206203,0.0008514564172833257,0.000812597021619507,0.0007827791060044914,0.0007616966513187282,0.0007491331815073349,0.000744959650234242
109,0.0007940341433019021,0.0007985488655567338,0.0008121402464041265,0.0008349503883141607,0.0008672176674030039,0.0009092790575937646,0.000961573417055189,0.0010246457702122107,0.0010991526291171596,0.0011858684092186185,0.0012856930067503426,0.0013996606182764206,0.0015289498975678368,0.0016748955611499798,0.00183900157175008,0.00202295604868112,0.0022286480761034974,0.0024581866042623223,0.002713921665324206,0.0029984681543969555,0.0033147324576999772,0.003665942243558342,0.004055679767695075,0.0044879190818278725,0.0049670675733140945,0.005498012302855119,0.00608617164627813,0.006737552784351776,0.007458815620810624,0.008257343743035463,0.009141323072705395,0.01011982888682185,0.0112029219254637,0.012401754344167576,0.013728686315766726,0.01519741413009443,0.016823110654778532,0.018622578958728965,0.020614419700633366,0.02281921251717411,0.025259711211385885,0.027961052435978143,0.030950978649385213,0.03426007978015462,0.037922066024850584,0.0419740984675531,0.04645722784522027,0.051417034848142605,0.05690466514523877,0.06297873764706413,0.06970952892939677,0.07719022220178315,0.0855742073238284,0.09522325690281196,0.10412368274135662,0.11435000840567047,0.12553126574688625,0.13767728008336258,0.15078808336779742,0.16497743989882907,0.18076919246250178,0.19636901467732412,0.21405649417918626,0.2294680427024939,0.2474802303607142,0.26523325215438437,0.28557493838338066,0.3062928736913316,0.32755370568741055,0.3481628748120735,0.3713240046740824,0.39361053737519436,0.416726986060293,0.4400615032075372,0.4644618382299375,0.490653225010348,0.5186877383871393,0.5442432633291734,0.5709096387877917,0.5937885695799057,0.6186092615031139,0.6463483295039513,0.6724946673516239,0.7025681709835488,0.7292221482413522,0.7520211685076215,0.7725673277645513,0.791496186977953,0.8088851101856482,0.8294179379389,0.8487829195866072,0.8664285263701407,0.8800541108835577,0.8916692333922637,0.9024937657802307,0.909892315898024,0.9160665525544802,0.9211707131321047,0.9243219026855141,0.9247502090295364,0.9212331454394491,0.9173956255257835,0.9118752830470436,0.9051023219109207,0.8989456216506901,0.888436758883989,0.8777435106273229,0.8662182144791851,0.8518214039992063,0.8356530588792427,0.8208776265974999,0.8012996230877384,0.7797663985620181,0.7582365595723768,0.7382035875906628,0.7211875713191958,0.7009277360346765,0.6796730150361837,0.6590692933652612,0.6372515714311459,0.6111006724801518,0.5843221479854475,0.5582931418308766,0.531629772035463,0.5058668481869932,0.481299599268733,0.45644536782149353,0.43179964887969596,0.40734434409002157,0.38286138388893437,0.35785026025214506,0.3342714718323663,0.3118902259537634,0.2910751697989908,0.27206933814290624,0.2529613553944665,0.2326553388551369,0.2147746534481941,0.19772191580454873,0.18238126963225412,0.16655580886922372,0.1523343598079697,0.1392730799373459,0.1269065418656236,0.11604617243561247,0.10465489985367782,0.09440665842914553,0.08525504219415386,0.07702741102480982,0.0696074350299567,0.06290699569804241,0.056852627451709,0.05138073791370448,0.04643496703395314,0.041964729063295375,0.037924397258580114,0.03427275304076105,0.030972537298820896,0.027990055405873317,0.025294824778098194,0.022859261320233748,0.0206584010794114,0.018669652710301854,0.016872576275667222,0.015248684367765867,0.013781262231077647,0.012455204273600558,0.011256864961635114,0.01017392256694095,0.009195254580785295,0.00831082384800453,0.007511574630535096,0.006789337906914401,0.00613674527142804,0.005547150829370849,0.005014560504946199,0.004533568193795001,0.00409929820815737,0.0037073534819605236,0.0033537690266770897,0.0030349701564394748,0.002747735031808373,0.0024891611046796817,0.002256635080948898,0.0020478060517276453,0.001860561477302795,0.0016930057400292879,0.0015434410125320422,0.0014103502157062227,0.001292381866930463,0.0011883366426307072,0.0010971555009162191,0.0010179092295706407,0.0009497893023714687,0.0008920999427033674,0.0008442513079068568,0.0008057537209491598,0.0007762128880005789,0.000755326051524024,0.0007428790387057848,0.0007387441746325811
110,0.0007854143264259086,0.0007898711241485852,0.0008032879772859725,0.0008258047161080981,0.0008576558967143942,0.0008991730751345193,0.0009507880226002454,0.0010130369141699294,0.001086565533021052,0.001172135543580464,0.0012706318984119797,0.0013830714566090033,0.0015106129055337811,0.0016545680932952655,0.0018164148965545885,0.0019978117672745936,0.0022006141230586493,0.002426892768902248,0.00267895456362308,0.00295936557200698,0.0032709769738081713,0.003616954033086198,0.00400080846575451,0.00442643457933482,0.004898149596294438,0.005420738610393113,0.005999504663486518,0.006640324467524421,0.007349710332503238,0.008134878895766695,0.009003827281933382,0.009965417357571152,0.011029468783302358,0.012206861611235346,0.013509649227851249,0.014951182494229602,0.01654624596398593,0.018311207021361228,0.020264178622377196,0.0224251960133554,0.02481640743035698,0.027462278676796608,0.030389812302190282,0.033628784830396156,0.03721201109857149,0.04117565387957806,0.04555960987420974,0.05040802131245831,0.055769990261806505,0.0617006065083241,0.06826232745070603,0.07552578680071914,0.08356283503521712,0.09238887357173398,0.10161324553707836,0.11170736065466894,0.12271167584303136,0.13460898082493267,0.1473081919031173,0.16090114526157245,0.17567461588752029,0.19164023419280057,0.20716620375015324,0.22351902249744518,0.241651457643546,0.2592168025188264,0.2791065389526149,0.29910726317052877,0.3191018299226872,0.3406834110080407,0.3646902085855289,0.3873023787360975,0.4103975318708027,0.43272481965776916,0.45629402993101553,0.4819184220913267,0.5078530593536446,0.5331425701856273,0.5590266538019384,0.5841698277379824,0.6072448070708327,0.6328496863804312,0.6608353742460078,0.6913679462276963,0.7167964024782557,0.7367030774490486,0.7565554531479902,0.7761008537797714,0.7940986457007786,0.8137867797158838,0.8345965309810697,0.851157759250682,0.864761204349059,0.8742850297524738,0.8833925926323553,0.8897678440263689,0.8967389444739378,0.9022739311501649,0.9063638562452029,0.9074109407759524,0.9073290568378298,0.9037524538718962,0.8965489303400662,0.8892863139618838,0.8828002273834253,0.8742049877118464,0.8626821132482209,0.8508275728060817,0.8362032108968095,0.8189309125574138,0.803617251028479,0.7839553144368976,0.7635003990972997,0.7435046797048159,0.7241108741760314,0.705721528706066,0.6864105540850076,0.6655434293110033,0.6461877447687153,0.6257532529859449,0.5992429591724472,0.5716509745862604,0.545235181426267,0.5194523631767479,0.4946633342290596,0.4702902840593156,0.4467579367088044,0.4230580181217968,0.3994615837074595,0.37551846868913624,0.3518933220622347,0.3289449117866394,0.3064641756492351,0.28585373651736906,0.2663095188720013,0.2470418615542082,0.2284133193942791,0.21164013402753634,0.19454979148484247,0.17907060927156712,0.16397746312748057,0.15003984096201536,0.13725135827893475,0.1250484746656702,0.11395739737159039,0.10391153922731479,0.09334562745313696,0.08419843203282307,0.07604271408621643,0.06870772330264113,0.06209141030820017,0.0561159929352286,0.050716688335578644,0.04583706712629205,0.041426846391086125,0.03744081630529832,0.033838205214240955,0.03058219995410369,0.0276395362034553,0.024980137982980235,0.022576799836239333,0.020404906759149508,0.018442186645522277,0.016668490146002267,0.015065593463063208,0.01361702043904273,0.012307881114024094,0.011124724623254527,0.010055404837017515,0.009088957529366342,0.008215488122722783,0.007426069222993522,0.006712647261655412,0.006067957619560042,0.005485447639387004,0.004959206952498571,0.004483904560145132,0.004054732123926324,0.0036673529389236346,0.003317856085935037,0.00300271528652445,0.002718752015258943,0.002463102456390535,0.0022331879261825996,0.002026688416052354,0.0018415189448699487,0.0016758084405045412,0.0015278809006211533,0.001396238610561644,0.00127954722177784,0.001176622517717823,0.0010864187153663367,0.0010080181699281773,0.0009406223675739107,0.0008835441069143703,0.0008362007841172871,0.0007981087095108368,0.0007688783953162096,0.0007482107649894555,0.0007358942446986456,0.000731802706874225
111,0.0007760531619252005,0.0007804472907990638,0.0007936753250252623,0.000815874647231029,0.000847275698788697,0.00088820420036706,0.0009390842910890731,0.0010004426173011438,0.0010729134117118122,0.0011572446140954225,0.0012543050960462895,0.0013650930645838454,0.0014907457329273283,0.0016325503616602594,0.0017919567899699683,0.001970591594849399,0.002170274036248507,0.002393033968300732,0.0026411319210346597,0.0029170815834754877,0.003223674947748074,0.003564010404636905,0.003941524113862919,0.004360025006809843,0.0048237338151500345,0.005337326555231476,0.005905982934547247,0.006535440182455566,0.007232052842024023,0.008002859093275043,0.00885565421072122,0.009799071791362853,0.01084267342569503,0.011997047526297575,0.013273918076519078,0.014686264108785312,0.01624845074762258,0.017976372617828022,0.019887610273489786,0.02200160002053658,0.02433981714407636,0.02692597233995557,0.02978622150329363,0.032949390385216694,0.03644721801851761,0.04031462519279223,0.044590013823536556,0.049315593986804275,0.054537703244136926,0.06030698068402618,0.066677925487369,0.07370632625454568,0.081440269850737,0.08989641802985754,0.09903341274016611,0.10900705840331172,0.11989367800514804,0.1316728955541111,0.1439219956947533,0.15671363916505693,0.1705824722686473,0.18546903276367427,0.20094806225338285,0.21719101574837965,0.23442993044634317,0.252230538248373,0.2708864125113475,0.29045231619836265,0.3109450030555537,0.33283406049839237,0.35520735326410713,0.3787333752490434,0.4014932949202552,0.4245891502096611,0.44812809834034545,0.4722124868030657,0.4971422814776034,0.523884388336428,0.5472422612272176,0.573101613595272,0.596056573012603,0.6202198384045756,0.6469986990732549,0.6764320960218475,0.7012669171672509,0.7225880950779322,0.7415294761781457,0.7604345257018892,0.7780389375433286,0.7972368128239721,0.8152302443506454,0.8325196385558732,0.8438852443027353,0.8540955933222438,0.8610154612505623,0.8686063986113125,0.8753054126488264,0.882952248768832,0.8866736116102046,0.889867340628584,0.8886418114254657,0.885163785850312,0.8786311480646802,0.8731803052083699,0.8654874125224173,0.8578467550166453,0.8448325518153086,0.8319767497455413,0.8199269747240531,0.8029664227024705,0.7852414086072804,0.7651439070670885,0.7474370582470952,0.7286688164507578,0.7094349800254083,0.692127179909771,0.6722852313719886,0.6516541644535299,0.6327894175230871,0.6106539297860052,0.5859740378537758,0.560257484881694,0.5337107652522854,0.5084984380171055,0.48501649134684494,0.46059527608093914,0.43594200859114496,0.4127315392114479,0.3903985421288514,0.3664976450771098,0.34407918049661346,0.3218636681230298,0.30094113320888954,0.2808765056233734,0.26179092317987873,0.2422171684181779,0.22389741826065235,0.20699028999410052,0.191041317067321,0.17657393194489518,0.16143373802303518,0.14767347011805007,0.13562999916792606,0.12303292189833893,0.11187486322728787,0.10165668344410785,0.09182344091346975,0.08288962503583328,0.0748676219046268,0.06765272463902904,0.06114574513055138,0.055268562606784144,0.04995720383990494,0.04515632655390935,0.040816656343252655,0.036893862930742906,0.033347943407000556,0.03014276432914682,0.027245667406844375,0.02462711928142769,0.022260401129199567,0.02012133451701003,0.01818803895311078,0.016440716321250385,0.014861457826501296,0.01343406984252455,0.012143915851761587,0.010977772366868283,0.009923697263620588,0.008970909345169984,0.00810967822000604,0.007331223741967084,0.00662762435866558,0.005991733768425182,0.005417105313544323,0.004897923552663922,0.004428942466131576,0.004005429760888171,0.0036231167582305174,0.0032781533696199217,0.002967067692126599,0.0026867297851120723,0.0024343192221119923,0.0022072960453651974,0.0020033747839742822,0.0018205012294291076,0.0016568316935538566,0.00151071450343313,0.0013806735152892095,0.0012653934545148347,0.0011637069121113188,0.0010745828487131778,0.0009971164763211949,0.0009305204049721235,0.0008741169570194199,0.0008273315656680911,0.00078968718708138,0.000760799666937076,0.0007403740129294557,0.0007282015345535682,0.0007241578207275537
112,0.0007659825728077415,0.0007703095393706693,0.0007833352200331223,0.0008051943863586589,0.000836113090542689,0.0008764108292659799,0.0009265036022781748,0.0009869078954867553,0.0010582456276808745,0.0011412501100223256,0.0012367730782453323,0.0013457928692861465,0.0014694238269804122,0.0016089270356907323,0.001765722496427463,0.0019414028773650114,0.002137748989783972,0.002356747161516354,0.002600608703036753,0.002871791686484287,0.00317302528511912,0.003507336949940214,0.003878082731251086,0.004288981085580005,0.004744150542136479,0.005248151637386326,0.005806033560717503,0.006423385987870841,0.007106396611227162,0.00786191490685255,0.008697522707614765,0.009621612180666712,0.010643471837866913,0.011773381241011389,0.01302271509970532,0.014404057491639395,0.01593132694429909,0.01761991306920788,0.0194868252900526,0.021550853925316027,0.02383274350829211,0.026355377891979743,0.029143976599027045,0.03222630208056846,0.03563287745563622,0.03939721213799644,0.04355602520238274,0.04814943833532463,0.05322107349241079,0.05881791810716512,0.06498968120076323,0.07178714715286097,0.0792590480018108,0.08744911617161082,0.09640573211605152,0.10623730750835912,0.1170659660821689,0.12918178040554995,0.14095702237360433,0.15249237678384175,0.16562581681905342,0.17998147000680945,0.19532894078931579,0.21121869060719353,0.22804799217867017,0.24597161337482512,0.26344173597975784,0.28263521896014826,0.3034646479227432,0.3261414801387613,0.3465956774810053,0.3693332773072649,0.3911307672068691,0.41456594999169,0.4384433025968068,0.46103519676307886,0.48721582116878814,0.5123974806195071,0.5350989572099268,0.5586112050356562,0.5832488940744494,0.6080377627275128,0.6342017510663273,0.6606865059078851,0.6836752888646379,0.705209762675588,0.7237433748192753,0.7430547892263059,0.7604715729392014,0.7786345451814856,0.7972014703060663,0.8112963298954307,0.8209121658846653,0.830405260819852,0.8368179623726805,0.8443176665812298,0.8528522278194838,0.8585202463147088,0.8647651583054972,0.8682255286631326,0.8665889184377533,0.8638380747218789,0.8598792211492032,0.8526680349505272,0.8460750167341776,0.8378074652608188,0.8275147582489244,0.815547133753396,0.8022970995990141,0.7847804355395114,0.7657772284511706,0.7470674502063103,0.7291142824195607,0.7109412130938148,0.6925680372768074,0.6739831553584025,0.6550163718658204,0.6357169516910095,0.6189370812456395,0.5958980699156194,0.5705389036277464,0.5461176958645386,0.5230217326234826,0.4977524543480547,0.4751210146618058,0.45034212710594,0.4258984101537884,0.4034182923129788,0.3812208902734208,0.3581589217589105,0.33827910752405815,0.3152439314676015,0.2946798648812444,0.2757487542008477,0.25589523421668886,0.23774288763772003,0.21950191357877344,0.20272753519929734,0.18718213366969402,0.17262042581134002,0.15885107234477874,0.14476586447273537,0.13229474916317674,0.12041463710938952,0.10948060456476884,0.09940274331817157,0.0899528519107478,0.08130875148215937,0.07349599584602651,0.0664441471235444,0.060073017731292956,0.054313139008017104,0.049104743750667576,0.044394943949510185,0.04013616446723596,0.03628538578285551,0.03280367686282172,0.029655809237600483,0.026809903244822783,0.02423710346395637,0.021911285930540866,0.01980879688272459,0.01790822025889583,0.016190170125503032,0.014637104232174881,0.013233155424274239,0.011963978323418013,0.010816609318515026,0.009779338415098301,0.008841591856800491,0.007993824677754483,0.007227422496297843,0.006534611946227364,0.005908379185433485,0.005342395941250234,0.004830952560402194,0.004368897537690801,0.003951583006616452,0.0035748156893590666,0.0032348128234634616,0.0029281626075909027,0.00265178873762469,0.002402918635892133,0.002179055008984283,0.0019779504025030565,0.0017975844531668318,0.0016361435694237456,0.0014920028006346995,0.0013637096817513562,0.0012499698651234484,0.0011496343736241501,0.0010616883297559585,0.000985241033916659,0.0009195172817211131,0.0008638498253630269,0.0008176728976420776,0.0007805167296566965,0.000752003004448046,0.0007318411992457491,0.0007198257785718334,0.000715834209458479
113,0.0007552363843551505,0.0007594919589204953,0.0007723025468396415,0.0007938001576996748,0.0008242062011453182,0.0008638335912350004,0.0009130897204884974,0.0009724803321285453,0.0010426143279605208,0.0011242095588873992,0.0012180996553700348,0.0013252419663687157,0.0014467266875981555,0.0015837872734532992,0.0017378122418746306,0.0019103584978696331,0.0021031663195300587,0.0023181761703011984,0.0025575475230587633,0.0028236799052801767,0.0031192364002544572,0.003447169866782131,0.0038107521690081236,0.004213606738632147,0.004659744823353527,0.005153605807499107,0.005700102022700581,0.006304668497500419,0.006973318124154821,0.007712702748111379,0.008530180710469615,0.009433891396517161,0.010432837364996197,0.01153697465376577,0.012757311876686741,0.01410601873711856,0.015596544568489162,0.01724374744186034,0.019064034215666444,0.02107551161683131,0.023298148054013756,0.025753945457760514,0.028467120108680844,0.03146429102360406,0.034774673295444716,0.03843027023709457,0.042466050202777356,0.046920080619089116,0.051833576360582716,0.057250815877345665,0.06321892849261783,0.06978778240154658,0.0770108871433054,0.08494955917110325,0.09368223761456244,0.10330360234517459,0.11381325191635722,0.12465960661367717,0.13590195733609087,0.14767006549768275,0.16054318060503284,0.17469099072756858,0.19041205887632656,0.2055971910959117,0.22206056032011923,0.23865107906291047,0.25602485391964225,0.2752180402114068,0.294355739328454,0.31548789022139534,0.33741149093109923,0.35951899670584125,0.38110754505085725,0.40283342951445283,0.42566366647074416,0.448736985711188,0.4749007143140777,0.49802022039756777,0.5195154752340805,0.5427767285714955,0.5670230206869553,0.591454348212322,0.6151951796506994,0.6398768962705444,0.6644173381666368,0.6845754074188038,0.7020198855669805,0.7209664068009004,0.7387704273564879,0.7580033183122722,0.7741555812577552,0.7887956623563257,0.798124343591269,0.8092463400224063,0.8149419456942442,0.8223124210698606,0.8271041218077333,0.8341351409354217,0.8393335799939009,0.8455594595290611,0.8460604584034249,0.844325211463584,0.8383919586463914,0.8309160478255273,0.8256307160642988,0.8175114967317503,0.8067688608168636,0.7963216055417882,0.7822191664485562,0.7657416146351692,0.7490026872720863,0.7311422720075087,0.7137559182351392,0.6967175665481307,0.6760449857002515,0.6568614101536396,0.6381212162780245,0.6203011534866748,0.600869090084005,0.5786297435819515,0.5571207649858709,0.5331171198097703,0.5101851811956267,0.4862562867476829,0.46257047988412386,0.4382062447393709,0.41617414151095233,0.3928639679741019,0.36964983605213375,0.34792798821481924,0.32845592097763016,0.30765468463738865,0.2876354563974447,0.2698203236192033,0.24970356006004626,0.23168020962262179,0.2152092304714557,0.19847278096029075,0.18323109059514514,0.16883055040339232,0.15478788518171144,0.14152418075056897,0.12938037026279658,0.11770626271373436,0.10693201433097826,0.09703309001134916,0.08789549333884952,0.07954459553298612,0.07196436913377492,0.06509840191447448,0.0588823523775934,0.053255804111280204,0.0481638573425372,0.04355656960993218,0.03938843158278292,0.03561802399588749,0.032207720966530434,0.029123387372634806,0.026334074502009794,0.02381172866018625,0.02153092215479708,0.01946860977199908,0.01760390992258129,0.015917907861610285,0.014393477967424914,0.01301512233139085,0.011768823425612043,0.01064190914530386,0.009622928961712232,0.00870154024260408,0.007868404009849584,0.007115089530695884,0.006433987206231692,0.00581822924940931,0.005261617653195963,0.0047585589494336476,0.004304005258898257,0.00389340113743294,0.003522635733828147,0.0031879997924995377,0.002886147057093144,0.002614059658543613,0.0023690171013233253,0.002148568493252505,0.0019505076961212216,0.0017728511055940357,0.0016138177987722636,0.0014718118159463625,0.001345406369233089,0.001233329794852262,0.0011344530877543401,0.001047778877235086,0.0009724317201895404,0.0009076496049174693,0.0008527765730664486,0.0008072563805638434,0.0007706271304220962,0.0007425168212755203,0.0007226397655864401,0.0007107938408009736,0.0007068585454881818
114,0.0007438501225672349,0.0007480303503123336,0.0007606139351745506,0.0007817299867428771,0.000811595040455011,0.0008505151000094807,0.0008988885234199324,0.0009572097799079575,0.001026074113349952,0.0011061831570859078,0.0011983515547024878,0.0013035146520624602,0.001422737337514003,0.001557224120023921,0.00170833054908362,0.0018775760957739545,0.0020666586314707336,0.0022774706594326267,0.0025121174750149834,0.0027729374525344817,0.0030625246808556705,0.003383754195497744,0.0037398100822974185,0.004134216756133494,0.00457087374751574,0.005054094359420086,0.005588648585927691,0.006179810712193604,0.006833412041169686,0.007555899215519197,0.008354398622653175,0.00923678738645369,0.010211771460921878,0.011288971348277858,0.01247901596472467,0.013793645164378414,0.015245821390765218,0.016849850830420943,0.0186215142630375,0.020578207516052015,0.022739091053914924,0.025125247827523893,0.027759848133167328,0.030668319748111284,0.033878520435075984,0.03742090695842518,0.04132868922798305,0.04563795182900776,0.0503877266748485,0.055620033958748843,0.06138003584277318,0.06771682734296086,0.07468636389839999,0.08235991649200233,0.09084319458186538,0.10031011796888731,0.11106813933845948,0.12057644669655368,0.13118768143476484,0.14268839820084045,0.15522402479540254,0.1689282922879478,0.18387297268515637,0.1997463220150324,0.2170582211959754,0.23167063473335808,0.24819264560801488,0.2662964102605223,0.28538389782888174,0.3057519668261983,0.32676484829665287,0.3488824287060483,0.36957546414769404,0.39189557450258394,0.41465122843013646,0.4355409354156798,0.45823388923001473,0.48086552405380234,0.5039734685996173,0.5262406096163823,0.5509221761881185,0.5757427516711827,0.5989100314032362,0.6202530430578974,0.6425977647068626,0.6599570921496333,0.67892047000607,0.6972816720800644,0.7166747224586915,0.7350632794371256,0.7500974717411639,0.7652797389578373,0.7766568421328798,0.786349821523035,0.7946075590874031,0.8000299869264076,0.8027118081198223,0.808794962992796,0.8127591116480481,0.8188615175264383,0.8215677464312351,0.8197590309281862,0.8119746976649489,0.8053116126581977,0.7983581064860891,0.7936009166494642,0.785358372158719,0.774556891400544,0.7620032041840193,0.7459062471584388,0.7273586214881547,0.7107107091936908,0.6961076117777548,0.6778077438918595,0.6583967370563297,0.6394872787494494,0.6202002175717818,0.603078986790862,0.585138723580658,0.5633270284330787,0.5421405697519098,0.5187847057299038,0.4974322528063065,0.4733684805362845,0.4494863935851234,0.42601322288422927,0.40349543450542974,0.38153581452019086,0.3586663401115209,0.3374880872673596,0.31839260498268424,0.29853094662821367,0.2808685457481136,0.2614517808957363,0.24295389797753636,0.2256420328835594,0.20945338908697772,0.19390244305881443,0.17931368906209588,0.1656060711761365,0.15117567650754182,0.13827866063988228,0.12695079294828795,0.1149588891101601,0.10429343828308849,0.09460144326267354,0.08573851625555086,0.07765452796732564,0.07030441060500396,0.06363365859694392,0.05758532828437633,0.05210470527688543,0.04714070244035865,0.04264609137026916,0.03857747353061329,0.03489515951027035,0.03156297437468368,0.02854801396437503,0.02582038226852968,0.02335293211095324,0.021121021293945674,0.019102288926010534,0.017276452341204177,0.015625122977000243,0.01413163893038634,0.012780911991742406,0.011559287330729088,0.010454414434626781,0.009455128263929859,0.00855133985652288,0.007733935783725011,0.006994685958017607,0.00632615933595632,0.005721647071004615,0.005175092665928962,0.004681028664459792,0.004234519414456725,0.0038311094337382915,0.0034667769164614536,0.0031378919322254664,0.0028411788907434787,0.002573682870376981,0.002332739437412957,0.0021159476131899454,0.001921145676814653,0.0017463895213089295,0.001589933309911358,0.0014502122064840436,0.0013258269792869957,0.001215530300667234,0.001118214586461112,0.0010329012381943446,0.0009587311686025195,0.0008949565067337387,0.0008409333930995415,0.0007961157881821362,0.0007600502292569682,0.000732371481116948,0.000712799036048353,0.0007011344274602911,0.0006972593300529691
115,0.0007318608070520987,0.0007359620172502593,0.0007483075453973238,0.0007690234762344583,0.0007983212615219427,0.0008364996984148135,0.0008839477245715819,0.0009411480558634389,0.0010086817006409472,0.0010872333931396898,0.0011775979978948584,0.0012806879471203318,0.0013975417840260717,0.0015293338971346239,0.0016773855439462487,0.001843177276918587,0.002028362900783653,0.0022347851078155213,0.0024644929568508832,0.0027197613826774984,0.003003112944816309,0.0033173420486382575,0.003665541896997315,0.004051134456840761,0.004477903752161388,0.004950032821620898,0.005472144705476806,0.006049347851209953,0.006687286349476506,0.007392195430636753,0.008170962666108658,0.00903119532721313,0.009981294356091543,0.011030535397324556,0.012189157322126939,0.013468458642840362,0.014880902151025985,0.016440227997385808,0.01816157524220321,0.020061611627513735,0.022158670975322495,0.024472897260789935,0.027026394105360098,0.029843378103349735,0.03295033362928923,0.036376164838270206,0.040152337057027226,0.04431299631570834,0.048895059113694024,0.053938292217499365,0.059485501030253685,0.06558325186446284,0.07228441590023817,0.07965569371243059,0.08779550842831974,0.09686847577963383,0.10718032626342229,0.1162161177998569,0.12642456084339165,0.13758416968561255,0.14972972126671752,0.1629614637479372,0.17742354501247706,0.1934837858577933,0.20943984999439064,0.22402683230695167,0.24026179074269952,0.25808193177650307,0.27700178591428903,0.2973073264958817,0.31689083647624106,0.33804660656213814,0.3579273586502401,0.3789499970042667,0.4009850963590835,0.42272435330647434,0.4439621353197937,0.4654834284158719,0.4881940950583615,0.5102728034629342,0.5345662545667716,0.5581377887809869,0.5809269112543086,0.5997929693860065,0.6190460137052605,0.636641729413519,0.6563156014378252,0.6764210870675037,0.6940571853557326,0.7113356196637853,0.7265724409001943,0.7418212103999808,0.7543355702794063,0.7630225908841587,0.7711096747164837,0.7743172624066362,0.7785207886559697,0.7827979926215443,0.7871697722292714,0.7923633856891638,0.7955351916045144,0.7920203668814404,0.7847561254024011,0.7782903336089146,0.7725111294851741,0.7669734147443985,0.7597077444769437,0.7514752664340808,0.7393596033141286,0.7243800188642365,0.7073724135252177,0.6910478734649876,0.6751451323214901,0.6567993567396941,0.6401697895120633,0.622264970044216,0.6029047647851968,0.5861824364824857,0.5693321334444964,0.549712508624524,0.5269471306996728,0.5047976905001609,0.48306479663638524,0.4593088622668218,0.4350852896826962,0.41225808411762954,0.39116719227709235,0.36967693779315786,0.3480561208320793,0.32690204730734634,0.3078032479053881,0.28929833033204444,0.2715168824315635,0.25403384284247343,0.2365438689541649,0.21975560221960533,0.2040780404010332,0.18928163175530272,0.17538284221184064,0.1607775906274861,0.14704815857021247,0.1344281832083843,0.12283492955359475,0.11173288604861495,0.10147717999917283,0.09207828915255797,0.08348834818442602,0.07565802067562968,0.06853517589242808,0.06206512157853764,0.05619361882987026,0.050868893941239376,0.04604244799593521,0.04166931272579591,0.0377080813705073,0.03412081328240822,0.030872856832096805,0.02793262776290624,0.0252713720403175,0.022862931847868556,0.020683524598908078,0.01871153887428603,0.016927347726432732,0.015313138108383124,0.013852754628653548,0.012531555882035441,0.011336281909957547,0.010254931695125521,0.009276649893805545,0.008391622222431658,0.007590979045510685,0.0068667067761984755,0.006211566720052869,0.005619020985083539,0.0050831650621091864,0.004598666659014463,0.004160710357206878,0.003764947651622386,0.0034074519378850397,0.0030846780210393313,0.0027934257381598483,0.002530807310296043,0.002294218065840099,0.002081310205929621,0.001889969311623275,0.0017182933213332596,0.0015645737346635436,0.00142727882492734,0.0013050386669335129,0.0011966318090182657,0.001100973438741342,0.0010171049102258162,0.0009441845179078638,0.0008814794166188886,0.0008283586016050674,0.0007842868744636479,0.0007488197322061673,0.0007215991269068529,0.0007023500528136867,0.000690877926535763,0.0006870667341112766
116,0.0007193067401248638,0.0007233255535145361,0.0007354228501113293,0.0007557215783109017,0.0007844279192104855,0.0008218331992071643,0.0008683165917105002,0.000924348632494727,0.0009904955808720756,0.0010674246670217213,0.0011559102745779316,0.0012568411170891464,0.0013712284773318645,0.001500215589824017,0.001645088259353202,0.0018072868220291869,0.001988419570387627,0.002190277780493191,0.002414852496866961,0.002664353250408406,0.0029412289052586547,0.0032481908526553606,0.0035882387930715395,0.003964689372016685,0.004381207959383274,0.004841843886566653,0.005351069479018471,0.00591382324347744,0.0065355575877449855,0.007222291465280957,0.00798066834573134,0.008818019914342841,0.009742435896506717,0.010762840386368388,0.011889075027199532,0.013131989339957097,0.0145035384145778,0.01601688805056967,0.017686527242778662,0.019528387648672055,0.02155996936716508,0.02380047206561879,0.026270930276318286,0.028994351508663332,0.03199585538311656,0.03530281064399574,0.038944963956046554,0.04295454988479787,0.047366367292610304,0.052217809065654396,0.05754885711247777,0.06340216579795194,0.06982370810093329,0.07686498014831862,0.08458602739521501,0.09304437677873437,0.10220420490942661,0.11153594347727627,0.12156385197208548,0.13240198726183802,0.14413251765219037,0.15683822052789573,0.17060018779904612,0.18551086988009,0.20146548578991696,0.21625521041456164,0.23234628070511365,0.2504974985406435,0.26912761225541626,0.2882661274698532,0.3072942941343947,0.32683167486703696,0.34657486579800195,0.3666346970840429,0.38966802718296106,0.40942309336959315,0.4318167487474318,0.45137196870368973,0.47216975953843016,0.49474340061201744,0.518630244216599,0.5407345575265723,0.5597958012533985,0.5786786066642853,0.5968976379756687,0.6141939969522726,0.6331326385223786,0.6516577861134888,0.6691912883406766,0.6845552738820886,0.6993993785044496,0.7148142098382374,0.72641878272851,0.7372034492894242,0.7459466134866718,0.7511099652152298,0.7550131774698315,0.7575241018375003,0.7607898296624316,0.7648768618303855,0.7668917156019068,0.7653387485214448,0.7569743732333133,0.75091469774125,0.7465940530276438,0.7425549761535201,0.7343849851951627,0.7256857204620717,0.713359570962103,0.7003926043107722,0.6869064808352905,0.6704763493968993,0.656214676943977,0.6368852972947425,0.6195886977432181,0.6027695020701579,0.5855952222427903,0.5689865006595488,0.5527947869910798,0.532612428956131,0.5101168592685842,0.4889731052393662,0.4683806802677982,0.44464865844304985,0.4215237434092433,0.39871555577152373,0.37734729905258996,0.3565662362703808,0.335635833013866,0.3157323205603296,0.2973831688208998,0.2804242825552415,0.2631616294120841,0.24805153792564996,0.23081383596860783,0.21395757923496717,0.1988156211380158,0.18478133532924573,0.1699760965629203,0.15610503835029738,0.14277948228839332,0.13045397778989787,0.11908944568385971,0.10848545982130468,0.0985835465771021,0.08947161648052296,0.08114658676385585,0.07356433188283444,0.0666693824823413,0.0604053257300655,0.05471822127671799,0.04955762248882267,0.044876788014666866,0.040632638717704186,0.036785620406949375,0.033299515133064804,0.030141222934377376,0.02728053219110414,0.024689892188031033,0.022344196317499895,0.02022058006269771,0.018298234912959007,0.016558237586377273,0.014983393110061478,0.013558090126793617,0.012268166972282153,0.011100787381211404,0.010044324996479169,0.009088256108106606,0.008223060217321946,0.007440128114180771,0.006731677191532046,0.006090673713983271,0.005510761735334036,0.004986198325369514,0.0045117947363355225,0.004082863116446066,0.003695168364946331,0.003344884720923023,0.0030285566851910297,0.002743063889440337,0.0024855895474127964,0.0022535921472841584,0.002044780070991384,0.001857088853627357,0.0016886608232084864,0.001537826887382701,0.0014030902585096799,0.001283111931730776,0.0011766977520202527,0.0010827869257475208,0.001000441850032773,0.0009288391492467437,0.0008672618225212597,0.0008150924192499482,0.0007718071714243361,0.0007369710224264969,0.00071023350173847,0.0006913254040774993,0.0006800562398637691,0.00067631243180498
117,0.0007062272938515831,0.0007101606281535338,0.0007220004137673783,0.0007418663646800604,0.000769959226958865,0.0008065626241777606,0.0008520456637772127,0.0009068663275365099,0.0009715756765601447,0.0010468229088609806,0.0011333613158730185,0.0012320551931584679,0.001343887770302012,0.0014699702356232385,0.0016115519429958634,0.0017700319008410897,0.001946971657350053,0.0021441097112545734,0.00236337759404578,0.0026069177874380395,0.0028771036590423517,0.0031765616195353836,0.003508195725891233,0.003875214977181614,0.00428116357161581,0.004729954415297149,0.005225906193848388,0.005773784336632188,0.00637884621858142,0.0070468909552696656,0.007784314151222507,0.008598167957850265,0.009496226783801853,0.01048705897457507,0.011580104736453404,0.012785760516936539,0.014115469961537383,0.015581821434040457,0.017198651903531925,0.018981156765884608,0.0209460049024021,0.023111458036572913,0.025497493287488533,0.02812592770322084,0.031020543209238197,0.034207209143654604,0.03771399626955331,0.04157126946766332,0.04581173459076712,0.050470396353771096,0.055584359747766265,0.06119239756506461,0.06733427262724576,0.07404988485177028,0.08137722678939988,0.0893421739203807,0.09792397554903616,0.10701888556920139,0.11675841354538889,0.12723451119223225,0.13852515143702693,0.15069899604104964,0.16380764879814538,0.17788085564376402,0.19288471218509273,0.2087043910122601,0.2239820547823268,0.2409910381286044,0.2596042379151457,0.2782007867291178,0.2960538265930633,0.31432892361930026,0.33359025378642926,0.3532325705311948,0.37414314510610086,0.3959010364416324,0.41523898788107805,0.4352204123087372,0.45656699022124453,0.47692254511068033,0.49725760238343103,0.5191457979098755,0.5383402682181844,0.5580492363930478,0.5750118113265338,0.5927967050790113,0.610315775201465,0.6275886882120375,0.6432627189291344,0.6583547456900414,0.6721390333060051,0.6884577450774118,0.6990535919894493,0.7106858356125595,0.71907562468708,0.726458787383297,0.7307413082143532,0.7324034045540826,0.7372110110702403,0.7402170768874193,0.738888696859898,0.7362057604980273,0.7307447251656553,0.7254502857342662,0.720644208896707,0.716059831868746,0.7094507196635674,0.7003290166867605,0.6881295002006396,0.6772408887197736,0.6633960703610505,0.6468410213553804,0.6317969314533194,0.6174025741032895,0.6011716971879988,0.5862789344918866,0.5702844512668075,0.5507704724489642,0.533229871715508,0.5127061676763701,0.49314921867322786,0.47473586074841234,0.4510778617996813,0.4288381638809224,0.4066749679754007,0.3853527223066284,0.3644844125564318,0.3454071594652247,0.32401821882138343,0.3046621455085853,0.28687773920224185,0.26997766316394645,0.2539863002263393,0.23908240101673264,0.2227932769637535,0.2076396200261751,0.19349635778233812,0.17885343120993172,0.16470821506647076,0.15189165986942987,0.13842695882233724,0.1263774533739121,0.11540995482863908,0.10533195961161583,0.09565481351305045,0.08678232526449763,0.07871147464402269,0.07137824018583878,0.06471623031350385,0.05866484257587192,0.05316933496587229,0.048180024309835985,0.04365163627239663,0.0395428341604436,0.03581585029319412,0.032436172634634164,0.02937226675224953,0.026595325388482857,0.024079041908737622,0.021799404970053782,0.01973451200760167,0.01786439919078013,0.01617088558827403,0.014637429496770434,0.013248995227346742,0.011991929042776267,0.010853843323269156,0.009823508354383777,0.008890751356347856,0.00804636251036407,0.00728200779996865,0.00659014849458115,0.005963967078080956,0.005397299384486812,0.004884572658342232,0.004420749217760278,0.00400127536811172,0.003622035196011819,0.0032793088664917498,0.002969735049692755,0.0026902771151335945,0.0024381927494494422,0.0022110066754840027,0.0020064861750187487,0.0018226191428657881,0.0016575944254926234,0.00150978422204634,0.0013777283491095559,0.0012601201924557102,0.0011557941893311212,0.0010637147033384844,0.0009829661708697364,0.0009127444133248717,0.0008523490231782188,0.0008011767444535411,0.000758715779490563,0.0007245409641757771,0.0006983097632140303,0.0006797590456729736,0.0006687026090714905,0.000665029427829909
118,0.0006926626967303842,0.0006965077703399184,0.0007080816720139054,0.0007275007966902945,0.0007549603136337655,0.0007907359436337743,0.000835186468536742,0.0008887569949499923,0.0009519830007459458,0.001025495200207593,0.0011100252713913338,0.0012064124976442145,0.0013156113843037207,0.001438700321532572,0.0015768913750970966,0.0017315412987757768,0.0019041638750607942,0.002096443704946045,0.0023102515829082873,0.0025476616096748,0.00281097021297303,0.003102717265054289,0.0034257095051730344,0.003783046495082534,0.004178149355546749,0.004614792551282063,0.005097139009861664,0.005629778875959274,0.006217772214665983,0.00686669598503417,0.00758269560580178,0.008372541427517186,0.009243690406855149,0.010204353247248542,0.011263567221840692,0.012431274825786928,0.013718408309042272,0.015136980010627958,0.016700178245111316,0.01842246828392884,0.020319697747933525,0.022409205523296984,0.024709933166909094,0.02724253763202604,0.03002950373886328,0.03309525343531512,0.03646624526041775,0.04017104958162285,0.044240370364096705,0.048706958948316594,0.05360532769442071,0.05897113151141592,0.06484008401967022,0.0712463464025013,0.07822019150288789,0.08578355895450777,0.09394203310781149,0.10268862361482675,0.11207231458836683,0.1221506165493265,0.13298422275648825,0.1446339332477643,0.15714829987465928,0.17055291974360168,0.18483463242481732,0.19990744460250762,0.21549476749855062,0.23185570104698813,0.24933556291101466,0.26810996268173604,0.28648599795009,0.30303995733716965,0.3224935292165346,0.3404362412316405,0.36015263647945817,0.3808082715741142,0.4004794388871735,0.42025007958361377,0.4406482957469185,0.45802561414498566,0.4766723914735843,0.4963743186811291,0.5162467822432935,0.5371535219076412,0.5540893641537824,0.5701830918443114,0.5848875320604878,0.6017984398069177,0.6177141012900867,0.6334818373295571,0.6456813089276899,0.6613598112735618,0.6739224533572494,0.6837925390778953,0.6927186552954046,0.6984019683577803,0.7034744390186849,0.7079524198777623,0.7092110403943139,0.7112659140946825,0.7090506722923905,0.7069614036359657,0.7052765906860677,0.7003978329601256,0.6951582400545406,0.6888405986822557,0.6840940529499857,0.6749731336670938,0.661261633062095,0.6505919377704502,0.6384828406228278,0.6242519784336766,0.6089030455437832,0.5954110867651535,0.5805571688366938,0.5669310771127755,0.551036621370112,0.5327180355546642,0.5165120026550213,0.4946207757367549,0.47506836030356453,0.45532263397415906,0.43488200668854754,0.4151160515792817,0.3930612912007792,0.373228946679256,0.35151139135974563,0.33182072164378035,0.312120284660709,0.29371857917844213,0.27709012894363777,0.26017894543176867,0.24518813470568562,0.22965881765930737,0.21495281060942165,0.20146396662285704,0.1897361268764767,0.1734346014729472,0.15908505492574676,0.14598620196860432,0.13350851533959185,0.12203312223641696,0.11163284217082389,0.10254347645840423,0.09264978974444335,0.08397317812396317,0.07616961616317111,0.06910059499089138,0.06268305957064751,0.056853226767550315,0.05155667595316217,0.04674510757265561,0.04237499890324298,0.0384068704658234,0.0348047839675474,0.03153595336254001,0.02857042770072886,0.02588082631264083,0.02344211349388528,0.021231403043440563,0.019227785436112484,0.017412172355846904,0.015767154790562194,0.014276871983702321,0.012926889365157434,0.011704084217506194,0.010596538307704772,0.009593437048503729,0.008684974966622102,0.007862267368515497,0.007117268134124637,0.006442693558179351,0.005831952118295071,0.005279079995836869,0.004778682121413806,0.0043258784697420465,0.003916255292732046,0.003545820956507714,0.0032109660372389623,0.0029084273306023444,0.0026352554382763622,0.002388785609919177,0.00216661153851904,0.001966561829105527,0.0017866788841659194,0.0016251999726701021,0.001480540272614632,0.0013512776989468996,0.0012361393493151964,0.0011339894191502598,0.0010438184550674362,0.0009647338315109678,0.0008959513500192165,0.0008367878735801527,0.0007866549203969122,0.0007450531521290226,0.0007115677014532919,0.000685864292734157,0.00066768611783622,0.0006568514367751069,0.0006532518801032582
119,0.0006786538216406639,0.0006824081555371059,0.0006937087124855698,0.0007126684970566903,0.0007394769823589712,0.0007744018182797487,0.000817791243181383,0.0008700772195616294,0.000931779320551409,0.001003509400872995,0.0010859770931090041,0.0011799961779316221,0.001286491885406727,0.001406509193711979,0.0015412222016797364,0.0016919446625743473,0.0018601417785046824,0.0020474433679025365,0.002255658532584101,0.002486791966037293,0.002743062060677131,0.003026920988759077,0.0033410769492335556,0.0036885187907640775,0.004072543238994945,0.004496784973371527,0.004965249814635123,0.00548235129757382,0.006052950913513069,0.006682402311926559,0.007376599748738057,0.008142031058424736,0.008985835405742108,0.0099158660383238,0.010940758210742372,0.012070002380455878,0.013314022682335058,0.014684260566911748,0.016193263335722845,0.017854777129034494,0.01968384373247463,0.02169690039671314,0.023911881724432912,0.02634832250979033,0.02902745995196035,0.03197233226940495,0.035207867254821085,0.0387609469691535,0.042660421237668576,0.046937020369450064,0.051623086030767235,0.05675200706624291,0.06235724596541874,0.06847092685203582,0.07512212058899186,0.08233502643763901,0.0901276715333583,0.09851546369889226,0.10752638502137694,0.1171949050653304,0.12756528372506412,0.1387021653775203,0.15066910079657092,0.16351645337851126,0.17728177837677334,0.19199676976276359,0.20756931209519192,0.22362811695977125,0.23975931302286171,0.25704755310622746,0.27406877499807675,0.29102856709718483,0.30904002273631304,0.3274086758811668,0.34759084900343956,0.3655875853198115,0.3848020648030799,0.40265599046311606,0.42117914891251557,0.43992995686071407,0.45740393679283803,0.4760659254487573,0.49608311597188076,0.5133943925021682,0.5301739801722413,0.5449011154552842,0.5603343783618729,0.5770801258350791,0.5922110812533172,0.6056254641517562,0.6189782146660912,0.6341905813456912,0.648514511879076,0.6579326733839347,0.6656977159912155,0.6709170386924852,0.6780036919013473,0.6803323515172897,0.6823461632480656,0.6825073735953233,0.6817898886441285,0.6803485552282723,0.6764225173581585,0.6730642112353018,0.668120903996867,0.6603430928879199,0.653524466888866,0.6443149390065548,0.6335106897478577,0.621330096593092,0.6107504537895646,0.599682137943112,0.5865475028332737,0.5733179550375356,0.5599854807836618,0.5457555471457944,0.5301617223027202,0.5111560816306815,0.49480205849631675,0.47712832464309723,0.4568208958176925,0.438990954481187,0.4201128604242506,0.3989968749734262,0.3791117689217179,0.35828631996665666,0.3383082905762635,0.320011037600324,0.3006352663846056,0.2826618090791476,0.2659457579364832,0.25001305386554973,0.23515693708240135,0.22081060003284209,0.2071413113066053,0.19442208218848794,0.18182929364242345,0.1670704111412124,0.1531337589747343,0.1403026921522618,0.12838388356920882,0.11738864129311324,0.10730475191099631,0.09804741104491349,0.08913017250026768,0.08095011772632729,0.07350494192871564,0.06673496535937867,0.060578796579659686,0.05498060246249091,0.04989011608276421,0.04526194248807509,0.04105496272783636,0.037231838287595236,0.033758581355600115,0.030604183543574855,0.02774030251163811,0.025141001538284156,0.02278253272031425,0.020643153465030328,0.018702967317578804,0.016943782352903333,0.015348982401664251,0.013903407966526345,0.012593244831467601,0.011405919167991807,0.01032999848586807,0.009355098126399295,0.008471793201015694,0.007671535975623072,0.006946578723812381,0.006289902046565326,0.005695148603987134,0.005156562142203679,0.004668931637383366,0.004227540326138985,0.0038281193511025,0.0034668057233906363,0.0031401042893496743,0.0028448533856917572,0.002578193872745882,0.002337541247809831,0.00212056055745122,0.001925143847321965,0.0017493899092261408,0.0015915861067592543,0.0014501920820576318,0.0013238251665457469,0.0012112473377267566,0.0011113535818541524,0.0010231615386848214,0.0009458023194564512,0.0008785124028168566,0.000820626525754139,0.0007715714977483521,0.0007308608765109038,0.00069809045292337,0.0006729345012572944,0.0006551427585711662,0.0006445381044547769,0.0006410149191331206
120,0.0006642419766148456,0.0006679033945444904,0.0006789240586409838,0.0006974135249261948,0.0007235554731011291,0.0007576093454157593,0.0007999126599686137,0.000850884017636576,0.0009110268277803351,0.0009809337841666205,0.001061292129278331,0.0011528897524331234,0.0012566221749853506,0.0013735004844289012,0.0015046602885280772,0.001651371770750047,0.0018150509393117964,0.001997272174123781,0.0021997821888218947,0.0024245155389044323,0.0026736118216618004,0.0029494347289769933,0.003254593129984775,0.003591964376716389,0.003964720041819538,0.004376354312684562,0.004830715280110381,0.00533203937108951,0.005884989183232887,0.006494694981398246,0.007166800113586815,0.007907510591258646,0.008723649056820087,0.009622713325945005,0.010612939642281688,0.011703370714573173,0.012903928518940587,0.01422549174029802,0.015679977596866596,0.017280427645530894,0.019041097015769202,0.020977546383638097,0.02310673587877079,0.025447119956159548,0.02801874184380227,0.030843325007765574,0.03394435631158715,0.03734714999927091,0.04107887191393695,0.045168488232502274,0.04964658250321264,0.05454496419489409,0.05989599059841386,0.06573158152054269,0.07208205176220875,0.07897504015244732,0.08643482322956896,0.09448233855794744,0.10313546872243526,0.11240342540395466,0.12230494981136764,0.13292923718739197,0.14436941559882216,0.15670606399745307,0.1700095205996746,0.18432320050758152,0.19952905149007957,0.21481068247829557,0.2306393278496106,0.2467698633153816,0.2630175275168348,0.2796909571841598,0.29733043230817746,0.3148313001089747,0.33347525507872305,0.3504089888772918,0.3689399688786223,0.3866848462903364,0.4035918665764012,0.4221321666169457,0.4396133015803557,0.4569633131041375,0.47459118768705005,0.4914076949678197,0.5060905730350812,0.5217565296404858,0.5367409572852673,0.5528138162825685,0.5678714022441779,0.5808183105832796,0.5934934107480384,0.6078736852934337,0.6217482821950089,0.6310003042712847,0.6390038254167797,0.644986215960619,0.6507048730331185,0.6536524007868822,0.656947392403535,0.6573917643320385,0.654921855428451,0.6526710610499338,0.6497112690574549,0.6462196000760447,0.6398360212859894,0.6336046245697938,0.6251890825935355,0.6155021707205455,0.6046540727973355,0.5938160465401628,0.5836431020459772,0.5741981972417511,0.5632632075158964,0.550592446362889,0.5382731241524056,0.522871345410437,0.5066239114971791,0.48895057783375306,0.47287064234120496,0.45585030059102616,0.43906395865307896,0.4197528581705212,0.4033082704023107,0.3832659946671752,0.3645517666259334,0.34409974118555375,0.3252005895861697,0.3078047373601755,0.28944642115118446,0.27197389287712587,0.25558558559351086,0.24028124799289854,0.22606485884947275,0.21264123412741048,0.19941654100227918,0.1875717422259069,0.17365657136000204,0.16088462252218222,0.14700355972571888,0.13453464913508315,0.12311017032145617,0.11258559200853271,0.10288659685446823,0.09392362349940844,0.08555126343980192,0.07782872692776246,0.07075682795675507,0.06430163015313592,0.058417929333021146,0.05305902259435148,0.04818018575224311,0.04373981661118495,0.03969969563057763,0.036024881793597766,0.03268346138253618,0.02964625889320533,0.026886564062034247,0.02437989517150383,0.022103800042740443,0.02003768827567764,0.01816268678999862,0.016461511931011332,0.014918353265848052,0.013518765853443394,0.012249569016449068,0.011098750506577389,0.010055375522521809,0.009109500389865952,0.008252090906104426,0.007474945437603023,0.006770622865159474,0.006132375438951884,0.005554086543647746,0.005030213306152536,0.004555733912805689,0.004126099446502321,0.0037371900106046322,0.0033852748765002302,0.0030669763744927752,0.002779237241636223,0.002519291142987406,0.002284636092349174,0.0020730105128912686,0.0018823716953564693,0.0017108764305134817,0.0015568636120613976,0.0014188386255668817,0.0012954593577068707,0.0011855236777674515,0.0010879582598284853,0.0010018086292639995,0.0009262303311061441,0.0008604811305025715,0.0008039141670237694,0.0007559719950483838,0.0007161814519815549,0.0006841493047581605,0.0006595586330633965,0.0006421659150777464,0.0006317987884276705,0.0006283544654975546
121,0.0006494686998976104,0.0006530353268990282,0.0006637704581654112,0.0006817801558619361,0.0007072422306845203,0.0007404078112444262,0.0007816035588370143,0.0008312345455133508,0.000889787818908587,0.0009578366831335827,0.001036045731281666,0.0011251766718175294,0.0012260949983768225,0.0013397775603876884,0.0014673211004990765,0.0016099518341263007,0.0017690361565499747,0.001946092573959391,0.0021428049666196653,0.0023610373049343953,0.002602849952500905,0.0028705177041883777,0.0031665497216182286,0.003493711542914502,0.0038550493578386616,0.004253916752916859,0.00469400414323992,0.005179371117410802,0.005714481928561291,0.006304244366157363,0.006954052238927824,0.007669831686947027,0.008458091518804597,0.009325977735995687,0.010281332359371358,0.01133275661021873,0.012489678420422024,0.013762424152471427,0.015162294303298967,0.016701642852234584,0.0183939598038914,0.020253956384845548,0.022297652280559428,0.0245424642031302,0.027007294817127495,0.02971262031671098,0.032680573271002024,0.03593501418747815,0.039501580097456634,0.043407690900702,0.047682483702001954,0.05235663270393305,0.05746200594117112,0.06303113689374919,0.06909657906455018,0.075690293645974,0.0828429629435372,0.09058223486312836,0.09892448714761927,0.10782000356967286,0.11722789412199386,0.1273125133675567,0.13821328361614504,0.1500336535898449,0.16287667938957343,0.17687626934840778,0.1923111927508877,0.20697692909082405,0.22242660566459188,0.23719036024947157,0.25267851508889044,0.26871587298652594,0.28431909668307975,0.3019705346869871,0.31775442335197707,0.3351046173493319,0.35223654524744336,0.37069690304188,0.3865300996036632,0.40557920669503605,0.42316679316799977,0.436935486372549,0.4530968656583001,0.47064998022650933,0.4839280527725415,0.4985520901206177,0.5141727182827098,0.5287003746873127,0.5419925601642975,0.5559470702087626,0.5691537596468876,0.5816736900367165,0.5928752343082844,0.6019610679517947,0.6111553907403896,0.619196537149784,0.6235206237796185,0.626206180739361,0.6272517795929567,0.6284819703614773,0.6276662161108074,0.6254709396621411,0.6231888478074634,0.619315822191259,0.6139397359795894,0.605405678746173,0.5979546984682238,0.5878640705926759,0.5793652979234123,0.5689575390777499,0.5593079966023546,0.5475023659577991,0.5369081484750162,0.5265859797247864,0.5127058841519282,0.4984323364836783,0.4835625629815132,0.4670569111403518,0.45046780858177504,0.4336891905796946,0.4168337935002577,0.4007181263478883,0.3829252369752755,0.3651253190491839,0.346899196630743,0.3296294546429342,0.3122196689260197,0.29506770925762443,0.2790648352275758,0.2618066803428994,0.2456803709717374,0.23094633527251995,0.21762066686165393,0.20569476961716338,0.1918911027903104,0.17832558377249133,0.16566049018412393,0.1536630547834465,0.14044783655070342,0.1285821974391349,0.11772124655190097,0.10770566956156644,0.0984548171460827,0.08990117057105017,0.08197779050015758,0.07467102130643374,0.06796329031694401,0.061824582308304274,0.05621741170829729,0.05110173131168809,0.04643789138161958,0.04218815929870371,0.038317375013149496,0.03479311721282517,0.0315856164215369,0.028667562029490112,0.026013886211578716,0.02360156305090002,0.02140943443551121,0.019418061479781205,0.0176095959806063,0.015967666285912868,0.014477273222424824,0.013124693150914952,0.011897386369595642,0.0107839099073197,0.009773834288458372,0.008857664179220718,0.008026763000249718,0.007273281659397379,0.006590091557732213,0.005970721978660644,0.005409301905272717,0.0049005062396414905,0.004439506329973116,0.004021924653387689,0.003643793456730409,0.003301517125879574,0.002991838034705562,0.002711805616432548,0.0024587484005705613,0.0022302487656965086,0.0020241201702279597,0.001838386638301172,0.0016712642946066021,0.0015211447595333371,0.0013865802334849559,0.001266270116237845,0.0011590490233847086,0.0010638760770456277,0.000979825362044176,0.0009060774516181881,0.0008419119184960772,0.000786700757885909,0.0007399026586821841,0.0007010580680921091,0.0006697850030214221,0.0006457755690423487,0.0006287931546932401,0.0006186702753272364,0.0006153070468275844
122,0.0006343755606563564,0.000637845820008242,0.0006482906773475438,0.0006658126682131257,0.0006905836797825768,0.0007228464509410745,0.0007629166887877495,0.0008111858182490977,0.0008681243866057718,0.0009342861501614856,0.001010312876058677,0.0010969398984439689,0.0011950024748760724,0.0013054429961161748,0.0014293191103077981,0.0015678128310930644,0.001722240708466109,0.0018940651511551883,0.0020849070000522325,0.0022965594636406342,0.0025310035384382805,0.002790425050053259,0.0030772334633630606,0.0033940826233168986,0.00374389360057277,0.004129879828147243,0.004555574725865386,0.005024862017870285,0.005542008953811222,0.006111702645391363,0.006739089725327238,0.007429819523889327,0.008190090937406136,0.00902670313183563,0.009947110181437362,0.010959479687010783,0.012072755350403915,0.01329672340392346,0.014642082709148317,0.016120518257063822,0.017744777731853838,0.019528750757516745,0.02148755043691398,0.023637596799660425,0.02599670173121281,0.02858415473219661,0.03142080831119915,0.034529160912736535,0.03793343417229138,0.04165963992370118,0.045735629514996615,0.050191111492429476,0.05505761837256331,0.060368430088353395,0.0661585839296352,0.07246535219744107,0.07933029414266901,0.0868083475438477,0.0949712884783529,0.10350226943752376,0.1123415478952934,0.1218257467622895,0.13215160905898987,0.14341366619729135,0.15569877263489307,0.1690992362227295,0.18370995141198554,0.1996357997636437,0.21293009913599442,0.22806275503583245,0.24298312595965688,0.2560971015624355,0.27064563822941773,0.2863004922947392,0.3020618114144838,0.3182861439237928,0.3344699449729357,0.35119783826118395,0.3685256649867658,0.38553983617231813,0.4014702174307009,0.4163960157237686,0.4324408148340173,0.4503465268990536,0.4633131819985345,0.4772181345181012,0.4922309665183991,0.5054628244454762,0.5184484845417637,0.5315209536338081,0.5450524377577975,0.556239289012157,0.5655672551875862,0.575546559130687,0.5871229646732012,0.5931634029949029,0.5975157134104545,0.5998395495878246,0.6002194593934633,0.6016716579751649,0.6019058910077784,0.5983690041638896,0.5954337671115133,0.5923910842531844,0.587791564731976,0.5793216455502372,0.5701569699560771,0.5618335611653374,0.5528982248511797,0.543361975604465,0.5337376617860712,0.5226024650151133,0.5125759339998851,0.502318895798766,0.49035377772248007,0.4769413721860732,0.4611548981803796,0.44718625985480853,0.4301633054463996,0.4137797553479418,0.3964893293478258,0.380207610944029,0.36366488576355666,0.34782531898228086,0.3306745248974322,0.31458561051909395,0.29784892939248897,0.2830250107122823,0.2683741920496912,0.2520788056810853,0.23589429577743895,0.22167216804775913,0.2092337268631479,0.1955071848972708,0.1822109456756083,0.1695737021095406,0.15805521894067184,0.14550674616613202,0.13357882462727996,0.12252357187606239,0.11228974819998122,0.10281093377939546,0.09403725097106075,0.08592212616649604,0.07842163219428033,0.07150695282188804,0.06515151552319837,0.059325066678860935,0.05399374651577657,0.04912196746741838,0.04467421872696309,0.04061630858070156,0.0369160496162082,0.033543529275984856,0.030471123902595328,0.02767338403088543,0.025126874341438343,0.022810012117607997,0.020702921279363032,0.018787304829062768,0.017046332857584875,0.015464542065719697,0.014027743360918382,0.012722935130485967,0.011538220735037248,0.010462729469843356,0.009486540713174289,0.008600611266280908,0.007796706038022743,0.007067332279640896,0.006405677564589908,0.005805551659982675,0.005261332369074207,0.004767915352012093,0.00432066786404757,0.003915386292092931,0.00354825732461016,0.00321582255689527,0.0029149463130564933,0.002642786455741953,0.0023967679529781913,0.0021745589763324164,0.001974049314174186,0.0017933308965194976,0.0016306802425244062,0.0014845426571780255,0.001353518019404369,0.0012363480191118425,0.00113190471539303,0.001039180301872953,0.000957277978027684,0.0008854038371150294,0.0008228596921931502,0.0007690367716029994,0.0007234102243290339,0.0006855343839144662,0.0006550387471827071,0.0006316246309971999,0.0006150624767676624,0.0006051897784687753,0.0006019096156607092
123,0.0006190039665959401,0.0006223765752775319,0.0006325273027229011,0.0006495551372129235,0.0006736260082991611,0.0007049742179923515,0.000743904459651997,0.0007907944400350443,0.000846098124712962,0.00091034963207344,0.0009841678064462166,0.0010682615065938077,0.001163435651948484,0.0012705980756158787,0.0013907672403576609,0.001525080881557463,0.0016748056496005688,0.0018413478331770845,0.002026265254746707,0.0022312804397486246,0.002458295172034605,0.002709406559334342,0.0029869247441621687,0.0032933924072076127,0.0036316062215997966,0.004004640427074652,0.004415872702456363,0.004869012522291865,0.005368132188078372,0.005917700725240322,0.0065226208326032665,0.00718826906019618,0.00792053937236449,0.008725890225097274,0.009611395248269958,0.010584797575066212,0.011654567803329794,0.012829965510039064,0.014121104176088226,0.015539019322974554,0.01709573962836992,0.018804360789235572,0.02067912195357075,0.02273548465153493,0.02499021431699858,0.02746146469877258,0.030168865788816827,0.03313361661037423,0.03637858576824242,0.039928425115635276,0.043809703526847175,0.04805106548469612,0.0526834190374506,0.05774020576388836,0.06325803659554256,0.06927888033925751,0.07586087624916962,0.08314293428016804,0.0916170724432963,0.09944612510926314,0.10756018926231978,0.11639798849980637,0.12613269878291117,0.1368018090041493,0.148444484497675,0.16110260111115662,0.17480975249762085,0.1897075656905955,0.20304711234781025,0.21748896307873464,0.23031328428643386,0.24356992805020808,0.25736777459905197,0.27213179674990984,0.2876079631395499,0.3032340861468163,0.3176931632244422,0.33321887403230255,0.3494053873948033,0.3654013992197414,0.38100331493529055,0.3968342758235706,0.4118228415183415,0.4277784907546519,0.4415043582447091,0.4547550255069695,0.4691555514682059,0.4823817852213907,0.49455281196655837,0.5063041900588305,0.5195938855389534,0.5320036993173456,0.539872816634286,0.5500438188633863,0.561322829519694,0.5679010889142703,0.5726968922920924,0.5746659879916528,0.5744033795336307,0.5749277906741946,0.5762357903466583,0.5734831173699391,0.5706148518898377,0.5665709544278918,0.5608195558351473,0.5532184852575966,0.5443586404645708,0.5359679130812568,0.527029333443829,0.5177491490961081,0.5093065761478988,0.4992393686418791,0.4911561849012231,0.4792974815043345,0.4689600616866359,0.4539554728886581,0.43938941255299097,0.42616745516484705,0.4112909335054758,0.3935472971622944,0.3769715944899409,0.36090502190620055,0.34525088564245504,0.3307404431239,0.31527234616865774,0.299073988982667,0.28357071683644103,0.26938888650797005,0.25445903029127437,0.24048324370596302,0.22561519066277708,0.21210956400167388,0.20053198222804597,0.18629675724825076,0.17310191784717993,0.16079607810643798,0.14920836017362624,0.13777228403424924,0.12683079941272662,0.1165269403373663,0.10690281302776308,0.09795473202739342,0.08965943890990351,0.08198394165675749,0.07489301930249423,0.06835535990108652,0.06234138150547182,0.0568207608199684,0.05176183037169498,0.047132191501011216,0.0428996880056303,0.039033256556684846,0.035503481565955466,0.03228286035937879,0.029345859395779633,0.026668851557838956,0.024230002529442955,0.022009145993310587,0.019987665460138873,0.018148387731872093,0.01647548723585136,0.014954398738423118,0.013571736024353355,0.012315214782986937,0.011173578635014232,0.010136527784509419,0.009194650160285919,0.008339355141059372,0.007562810074856204,0.006857879837380669,0.006218069654202004,0.005637471359504478,0.0051107131964013165,0.004632913192518538,0.004199636077855526,0.0038068536547232867,0.003450908484185692,0.003128480720341973,0.0028365579021973446,0.002572407501259163,0.0023335520195417805,0.0021177464355106868,0.0019229578029411449,0.0017473468182445334,0.0015892511843346728,0.0014471706126383992,0.0013197533187077233,0.0012057838805722108,0.00110417234214753,0.001013944456482427,0.000934232975268787,0.0008642699018141895,0.0008033796345883174,0.0007509729375418058,0.0007065416817179864,0.0006696543103065081,0.0006399519863014495,0.0006171453884059141,0.0006010121268501784,0.000591394756438925,0.000588199369489516
124,0.0006033949796123502,0.0006066689423748043,0.0006165225511520086,0.0006330512380146202,0.0006564149604096348,0.0006868395641510665,0.0007246187056886201,0.0007701163479426448,0.0008237698483737705,0.0008860936625631099,0.0009576836914678972,0.001039222305742704,0.001131484086132422,0.001235342325002446,0.0013517763406220046,0.001481879662899204,0.001626869156910842,0.001788095158791185,0.0019670527073360625,0.0021653939640105843,0.0023849419238568892,0.002627705529979227,0.0028958963146852455,0.003191946700772905,0.003518530106587153,0.003878583007955015,0.004275329118458177,0.004712305856103699,0.005193393268539353,0.005722845589598397,0.00630532559605795,0.006945941923845813,0.007650289486303908,0.008424493112450575,0.009275254489875526,0.010209902455222162,0.01123644662683693,0.012363634322785241,0.013601010659398694,0.014958981690434407,0.01644888043804428,0.0180830357008293,0.01987484362055836,0.021838842168371377,0.023990788999925284,0.026347743584017654,0.028928155284215933,0.03175196050388926,0.034840694528469565,0.03821762715407024,0.0419079333464968,0.04593890690030925,0.05034022048568242,0.05514427257512292,0.06038686380928136,0.0661090557316954,0.07236311069539934,0.07923446858051976,0.08689125461033835,0.09535352552982232,0.1025920183756078,0.1108998828674749,0.12011895615615056,0.130217737735776,0.1412026288642915,0.15307700867568153,0.16582774985468474,0.17947300708045505,0.19346250262960127,0.2067010724386196,0.21874107050919417,0.2320733301320383,0.2447250252843117,0.25890806654591836,0.2747138349909866,0.28782619631970363,0.3015873497370032,0.31630666866447116,0.3319198456669197,0.3477500179738627,0.36245318754105543,0.3766298718073843,0.39189929118332023,0.4061725617055129,0.41942159843164795,0.43385195751064826,0.44687831702967457,0.45978487055670875,0.4705057526577029,0.4822038509709318,0.4944077812718381,0.5048425517910317,0.5132634412808716,0.5227929406823316,0.5331300097877264,0.5404948208829243,0.5467004077686028,0.5478050993937226,0.5473013647197889,0.5472148960365988,0.5480807009231674,0.5447859746172741,0.5428238030312125,0.5395231537618351,0.5329501862058527,0.5280920010396596,0.5207722110729431,0.5132757862619808,0.5044058056073206,0.49417995125229125,0.4860172623309436,0.4766734479482326,0.46700415937378614,0.4575663944145461,0.44506721416665074,0.4330785592377575,0.4186667888912484,0.4058105153571602,0.3908319314181486,0.37412653275030816,0.3588962616531414,0.3428771310618434,0.327575561234009,0.31317517200764233,0.2990629887099914,0.28476351726325755,0.26999767792248813,0.25508135738160026,0.24111847297381184,0.22790278388497995,0.21540367302276686,0.2022025728829643,0.18992644940080824,0.17760663366564455,0.16437063500828597,0.15238523477960503,0.14119716337575358,0.13052458387451313,0.12037325960328717,0.11070110669549006,0.10162456126635597,0.09317656381888212,0.08534421865420508,0.07809792506564076,0.07140430655830123,0.06523136504788019,0.059548701936311815,0.054326465926510956,0.049534761479211147,0.045143740362662374,0.04112406904514894,0.037447449226362735,0.03408700826281104,0.031017510457650225,0.028215418905546623,0.02565886285967057,0.0233275590206382,0.021202717880495957,0.019266950634657803,0.017504182180215024,0.01589957076665092,0.014439433069604917,0.013111173214142369,0.011903214615174573,0.010804933962733982,0.009806597075742378,0.008899296629750785,0.008074891935323706,0.007325951025195827,0.006645695323939954,0.006027947145324673,0.005467080207725506,0.004957973290841633,0.00449596708781233,0.0040768242425889036,0.0036966925072916676,0.0033520709102523366,0.0030397787928625533,0.0027569275514773813,0.0025008949080798804,0.002269301528540694,0.0020599898084170958,0.001871004651769431,0.001700576077081221,0.0015471034949454928,0.0014091415138547429,0.0012853871425499849,0.0011746682694722635,0.0010759333115929258,0.0009882419360683495,0.0009107567686512309,0.0008427360125398554,0.000783526910352113,0.0007325599901977937,0.0006893440444377412,0.0006534617967215988,0.0006245662193541922,0.0006023774690239737,0.0005866804145055462,0.0005773227351906831,0.0005742135742746645
125,0.0005875891404958212,0.0005907637426497783,0.0006003180893713304,0.0006163440587386321,0.000638995640382877,0.0006684902311915304,0.000705110462274304,0.0007492065703558002,0.0008011993307829645,0.0008615835735606955,0.0009309323083030804,0.0010099014887592754,0.0010992354526902066,0.0011997730783813677,0.0013124547050203058,0.001438329870580619,0.0015785659277630841,0.0017344576059608505,0.0019074375951331432,0.0020990882358612444,0.0023111544086634826,0.0025455577247693512,0.002804412129860907,0.003090041041594896,0.0034049961507712813,0.0037520780244857587,0.004134358657074215,0.004555206120590901,0.0050183114702920225,0.0055277180613089415,0.006087853429434883,0.006703563880655873,0.007380151919660376,0.00812341662616355,0.008939697059043352,0.009835918732449473,0.010819643167063553,0.011899120477417834,0.013083344919066401,0.01438211329696628,0.015806086141549297,0.01736685160794088,0.019076992166159865,0.02095015434923765,0.02300112214390522,0.02524589510329454,0.027701773058706688,0.030387450634998737,0.03332312681671021,0.03653063699421508,0.040033614396856314,0.043857678923345425,0.0480306320678785,0.0525826278971636,0.05754634906953162,0.06295736276002084,0.0688547866178231,0.07528120048155859,0.08227101869393319,0.08974571843198957,0.09723945371425477,0.10532097565297913,0.11413312840650987,0.12372336514379681,0.13411270945751402,0.14528917549775602,0.15722664958656105,0.17034146636297826,0.18247099101936998,0.1948411770971946,0.20701699761460768,0.21948706802029674,0.23217464541435842,0.24571577389315666,0.25968373803759204,0.2734437308345414,0.28618854926272214,0.2998628661784709,0.3147175899906199,0.33117041925993107,0.34356124003991156,0.3573491237416573,0.37192836531127677,0.3850987216419597,0.39866535271458403,0.4134106647399196,0.42707631876135455,0.43830932029100006,0.44791079786221005,0.4598817545030278,0.4701532834802538,0.4788490178754395,0.4876645381412347,0.4954175102784106,0.5042989153023493,0.5102855734493524,0.5152508518726229,0.5186215917620378,0.5193033580078984,0.5214518634051316,0.5202645804443526,0.5171819202339376,0.515565089897646,0.5122955359235473,0.5063722131765469,0.5015623920950689,0.49665948766180623,0.487993476194008,0.4792766845026967,0.47143725915915025,0.463267282254629,0.4533611491529548,0.44405235509552904,0.43449284534838134,0.42303717963296433,0.4105773889756283,0.39847111356755227,0.38657925141000227,0.3711230518671703,0.3553384268314166,0.34032872844393525,0.3260018879318288,0.3108305181794953,0.29706537128588495,0.28473403671268127,0.2695113743089621,0.2553148599023469,0.2415756498093899,0.22844202673005026,0.215865728136071,0.20392900713405218,0.1923773996188725,0.17988524955995658,0.1676043875393094,0.1555616028417095,0.14425330392264973,0.13365384292805835,0.12369186256872167,0.1143183910222431,0.10510170476005981,0.0964836366871818,0.08849625355849029,0.08110689484616732,0.0742762943744228,0.0679677360616275,0.06214804357271599,0.05678670533296927,0.05185473466949895,0.04732394004167786,0.04316672425108161,0.03935623827352638,0.03586666058885623,0.03267344321824622,0.029753459759722028,0.027085056502310793,0.024648035635106404,0.022423601473631684,0.020394291653716985,0.018543905310744867,0.016857433264251598,0.015320991441506183,0.013921757201771518,0.012647907840477056,0.011488560678952833,0.01043371441930973,0.009474191705042117,0.008601583020065594,0.007808192173898648,0.007086983669095116,0.0064315322449834695,0.005835974855431492,0.005294965281769608,0.004803631516423105,0.00435753598662455,0.003952638626566555,0.0035852627539917237,0.00325206366513364,0.002949999830371177,0.002676306551252715,0.002428471926450482,0.0022042149682338437,0.002001465710688993,0.0018183471547528335,0.001653158901945244,0.0015043623374613273,0.0013705672332187126,0.0012505196519308486,0.0011430910438461304,0.0010472684381406545,0.000962145640872675,0.0008869153607755135,0.0008208621929205353,0.000763356398405547,0.0007138484257306566,0.0006718641264484575,0.0006370006240668315,0.0006089228010968539,0.000587360374634993,0.0005721055360086754,0.0005630111348571904,0.0005599893926239402
126,0.0005716263035658867,0.0005747011025958343,0.0005839548639209332,0.0005994759244611906,0.0006214123281528896,0.0006499730554827054,0.000685429756763097,0.0007281190012366409,0.0007784450577814049,0.000836883226850345,0.0009039837473572229,0.0009803763065623912,0.0010667751856564462,0.0011639850787289211,0.0012729076281800694,0.0013945487254175166,0.00153002663189838,0.0016805809822412255,0.0018475827382346325,0.002032545170083309,0.002237135949106472,0.0024631904442538833,0.002712726323112945,0.0029879595663817654,0.0032913220128607417,0.0036254805595858906,0.003993358148427498,0.004398156675846099,0.004843381965956407,0.005332870947890458,0.005870821175835368,0.006461822823110352,0.00711089326928641,0.007823514380832288,0.008605672560702108,0.009463901611085209,0.010405328417946481,0.011437721429578662,0.012569541870092469,0.013809997611179995,0.015169099632918251,0.016657721050615845,0.018287658785424297,0.020071698128575913,0.02202368071141226,0.02415857677130171,0.02649256313952232,0.02904310911701992,0.03182907322585886,0.03487081380139039,0.03819031246369444,0.04181129552806993,0.04575930849620893,0.05006165844681928,0.05474710960118548,0.05984517579006376,0.0653845459512668,0.07138893131980861,0.07786562963515224,0.08477831748783003,0.09203893175409715,0.09982080561032418,0.10824225695409126,0.11737766306519685,0.12727595452314944,0.1379117865476973,0.14883927569438515,0.16043438421633066,0.17212977973106594,0.18398954562758418,0.19603788201546896,0.20806215428998265,0.22027632266396915,0.23360269667042785,0.24636072006729182,0.258358391252829,0.2714330922147341,0.28374565263052853,0.29728976680590896,0.31156419227993165,0.3259057471203707,0.339540228355146,0.3524007431511462,0.36611888873367554,0.3787926196735555,0.3928089026451188,0.405488322558151,0.41526910655426713,0.4253473407388314,0.43857943824730894,0.4467850422290458,0.45520562540515846,0.4622292992315258,0.46954537762549403,0.47743045320292893,0.4833665684298445,0.48760369666808456,0.49122346254474775,0.49240570416983187,0.4952077950605964,0.49358810029775285,0.49060291437331727,0.4892615524091743,0.48725023770178216,0.48130109395849,0.47438194523044636,0.4690136303048347,0.46190177325756904,0.4558286261369333,0.44922206136674797,0.4416575674065028,0.431726050933612,0.4233070574965379,0.4122821193680297,0.4010855050166425,0.38982778792047834,0.3791533057359422,0.3663619536708874,0.35420728769213167,0.3378676085023529,0.32289866862898603,0.30849531860962587,0.29447030813342473,0.2813613770690704,0.2686232615578674,0.25488361737256104,0.2416419090780083,0.22882646454728595,0.2164305447266167,0.2043910660722025,0.1933396272160009,0.18137681537032327,0.1704572482977001,0.15840071084569662,0.1470732517477648,0.13639994694794969,0.1264067141323695,0.11716296547690742,0.10895254093046038,0.09969852233563373,0.09145535585193296,0.08391034967045788,0.07695385052222711,0.0705286415927188,0.06459410574548453,0.059116697057243456,0.05406663359259558,0.049416270776542724,0.04513923014653994,0.041210045021123846,0.03760413583208888,0.034297933150546106,0.031269018116542535,0.02849621731732329,0.02595963972681045,0.02364066809125457,0.021521922660620387,0.01958721150639929,0.017821475994672258,0.016210735506114505,0.014742032848552218,0.013403380579142985,0.012183708058426335,0.011072809060008708,0.010061289901338321,0.009140518216356114,0.008302572608351233,0.007540193487846774,0.006846735419704444,0.0062161212861568445,0.005642798529714541,0.00512169768244707,0.004648193324756171,0.0042180675541054775,0.00382747598686101,0.0034729162672271817,0.0031511990175273324,0.002859421133929144,0.002594941310523994,0.002355357661337583,0.002138487303064792,0.0019423477597407344,0.00176514005292604,0.0016052333461956884,0.0014611510198567113,0.0013315580601435941,0.0012152496560826859,0.0011111409063564149,0.0010182575475346217,0.0009357276237717335,0.000862774026368818,0.0007987078394004201,0.0007429224348814568,0.000694888267703388,0.0006541483268260452,0.0006203142050098924,0.0005930627547591118,0.0005721333031689429,0.0005573254030828542,0.0005484971024179042,0.0005455637177604466
127,0.000555545481990793,0.0005585202981107395,0.0005674729422169356,0.0005824882329322526,0.0006037083074546498,0.0006313337862284494,0.0006656254144064715,0.0007069061911646188,0.0007555640012918477,0.0008120547669935374,0.0008769061415519532,0.0009507217704211554,0.0010341861495325518,0.001128070115087012,0.0012332370039425788,0.0013506495289005481,0.0014813774187663593,0.0016266058790236101,0.0017876449353037421,0.001965939728536431,0.0021630818376804813,0.0023808217131894775,0.00262108231175647,0.002885974030265577,0.0031778110440682803,0.0034991291614550855,0.003852705312197194,0.004241578792890685,0.004669074395047186,0.005138827542821174,0.005654811565202433,0.006221367221587395,0.006843234588993055,0.007525587403014079,0.008274069922510268,0.00909483636020041,0.009994592889210768,0.010980642202157926,0.012060930569480793,0.013244097324523741,0.014539526703209687,0.01595740199600034,0.017508762038768406,0.019205560183699538,0.02106072605047559,0.023088230546588824,0.02530315482150376,0.0277217638722922,0.030361585114532748,0.03324149034802468,0.03638177354037922,0.03980420172327355,0.04353198670797632,0.04758958324523971,0.052002180580829324,0.056794727764504074,0.061990259446369725,0.06760708480194288,0.07365457054330943,0.08013061653018208,0.08703846572035909,0.0944579584416548,0.1024773929431263,0.11118607020686207,0.12070970112762876,0.13135541134346768,0.1410362057423345,0.15175336785573393,0.16263982592611395,0.1739719481409226,0.1862485957158857,0.19777741485980416,0.20865195686628246,0.2201970029342582,0.2319415550215768,0.2436305802307196,0.25569830122005166,0.26794086475895057,0.2807804351353056,0.2942531295541727,0.30853053757131826,0.32167448080388966,0.3343530629311509,0.34724327296388025,0.35934609373251836,0.3722010616721573,0.3832931100322272,0.3924490958371617,0.40241954510314304,0.4129217413998417,0.42325163740630484,0.432039975873402,0.4387691182461653,0.4452265468335618,0.451277404360485,0.45721179813549784,0.46231372744504345,0.4651239123648933,0.4662527752557243,0.4696377445279226,0.4678471901798778,0.46521332458778797,0.4630020028748675,0.4591895335432691,0.4533403382268317,0.44815282043546933,0.44221222484916156,0.43693680616169606,0.4314133661880592,0.42553754878993577,0.417768844866174,0.41076287955540386,0.40433111433309643,0.39218626019589725,0.3814225621386515,0.37082106076234733,0.35901786569217686,0.3480753892554932,0.33463235272538494,0.32108352328650897,0.30633888228803136,0.2921636924737493,0.2788704196413502,0.26705835838361053,0.2552495966639955,0.2411646477476878,0.22861335296084173,0.21668238013218225,0.20505141581657715,0.19304105944370342,0.181637653792365,0.17051892437250163,0.15994877191863294,0.14943097826390728,0.1388300118186811,0.1287432649043168,0.11927791473747845,0.1104470440038848,0.10219118758351796,0.09404965307305567,0.0864458575024787,0.07940385130690986,0.07288911513964226,0.0668636342147533,0.0612931575319677,0.05614720178939336,0.05139812369695983,0.04702022729092804,0.04298913629807061,0.03928147468996643,0.03587478406220285,0.032747566141069766,0.029879358511281397,0.027250793109238492,0.024843621855628766,0.02264071282184608,0.020626026374737247,0.01878457995622801,0.01710240726076733,0.015566514928615783,0.01416483815588642,0.012886195740966519,0.011720244747140007,0.010657434903969736,0.009688962926788966,0.008806727012928457,0.008003281833554917,0.007271794367778467,0.006606000921467135,0.006000165643316117,0.005449040803199032,0.004947829040439699,0.004492147728991266,0.0040779955477122775,0.003701721290571161,0.0033599949058635945,0.0030497807163734412,0.002768312743909757,0.002513072041231847,0.0022817659210645916,0.002072308964557516,0.001882805688973416,0.0017115347554959907,0.0015569346018403207,0.0014175903900087625,0.001292222166389265,0.0011796741389217453,0.001078904983868802,0.0009889791025362031,0.0009090587559011123,0.0008383970123961011,0.0007763314509920713,0.0007222785681902197,0.0006757288435675716,0.0006362424241377336,0.0006034453930168981,0.0005770265927614641,0.0005567349783092522,0.0005423774787545095,0.0005338173512614158,0.0005309730143147257
128,0.0005393847044132705,0.0005422596101807545,0.0005509113654007293,0.0005654213026669443,0.0005859257071854406,0.0006126169180572238,0.0006457448800411048,0.0006856191558838544,0.0007326114123601595,0.0007871583963529933,0.0008497654206578954,0.0009210103827448261,0.0010015483434910803,0.0010921166969393168,0.001193540966464446,0.0013067412673756196,0.0014327394809516046,0.0015726671902165507,0.0017277744334031908,0.0018994393370007105,0.0020891786965046106,0.002298659579412762,0.002529712031555305,0.002784342974383701,0.003064751387215081,0.0033733448744234637,0.0037127577229213882,0.004085870559641389,0.004495831721671019,0.004946080452671914,0.00544037203755594,0.005982804982322084,0.006577850336635338,0.007230383242360971,0.007945716771306323,0.008729638089858136,0.009588446957933672,0.010528996536870224,0.011558736449280975,0.01268575800872749,0.013918841524491453,0.015267505592688028,0.016742058312785496,0.018353650414889726,0.020114330330316427,0.022037101240974945,0.024135980006306183,0.026426057397993412,0.028923557873629324,0.03164589431736996,0.034611706941246254,0.0378408628353585,0.0413543708278952,0.045174138819758874,0.04932248488605079,0.05382133796452734,0.05869115187794448,0.06394975475211155,0.0696119412882989,0.07569229258056305,0.08221619044027093,0.08923827004738605,0.09682677928934992,0.10505185677322194,0.113965736709762,0.12352575056629911,0.13329252328232483,0.14408014519581472,0.15385426961614676,0.16423173144596515,0.17526690280859905,0.18622410592534697,0.19765993175443777,0.20791569460063056,0.21893474666387425,0.22988903140361416,0.2412409473059327,0.2530694283499178,0.26514087310762713,0.27767681181480897,0.2902834154911909,0.3027760730869412,0.31499443186344384,0.3281460854604034,0.3408748166111475,0.3517215666165458,0.36178637098344874,0.3705236980477649,0.3807115046680729,0.38959054890827827,0.3993477106751323,0.40762582724755114,0.41426203798509215,0.42003282697877337,0.42732011461380603,0.43239158677976375,0.4364703176468851,0.4393529482972343,0.44015749709966556,0.44232423211863947,0.4427987195940311,0.4391524513922159,0.4372607865400222,0.43237485070017095,0.42718323625426025,0.4218150406690742,0.41698649142507566,0.4111033597643661,0.4061054787418695,0.4021983872929009,0.39515913643511524,0.3883553101711318,0.3813223314804057,0.3716150460409807,0.3599148177317423,0.3496275256477492,0.33952041695728713,0.3277324149421762,0.31619021749303994,0.3034972305507237,0.2900845139543709,0.2762009265826802,0.26331319156986965,0.2511580006645647,0.2392929048389733,0.2273045735122904,0.21608138552813877,0.20525649881066077,0.19499780789335797,0.18214719374082913,0.1708197195870998,0.1602790601677459,0.15046097159974503,0.141489858105056,0.13092644929044306,0.12129066833534811,0.11233366772156844,0.10395906961659598,0.09608801295412178,0.08859519179158698,0.08156172996198399,0.07501045197903658,0.06892891819170247,0.06329260626717652,0.05807451988119941,0.05324840656502168,0.04878950528856758,0.04467444416867827,0.04088096866973074,0.037387752959328974,0.03417433485418031,0.031221131389667214,0.02850948235462694,0.026021688062898757,0.02374102828684193,0.021651762009561145,0.019739112616536637,0.01798924356511236,0.016389228273283665,0.014927016517318472,0.013591398583050212,0.012371967826554316,0.011259082038753027,0.010243823933393409,0.009317961085164351,0.008473905673055442,0.00770467440323674,0.00700384898474575,0.0063655375093315085,0.005784337047837635,0.005255297725030402,0.004773888478361103,0.004335964648652422,0.00393773749593972,0.003575745684379991,0.003246828737894156,0.0029481024337407926,0.002676936074514537,0.002430931559589854,0.0022079041639433234,0.002005864924585221,0.00182300453148615,0.0016576786199251365,0.0015083943637467768,0.001373798273361288,0.0012526651078516688,0.001143887816792528,0.0010464684339744385,0.000959509851900723,0.0008822084124941692,0.0008138472557956724,0.0007537903744802374,0.0007014773277197084,0.0006564185732743259,0.0006181913817040203,0.0005864363012753244,0.0005608541465292521,0.0005412034876026625,0.0005272986212961205,0.0005190080085915299,0.00051625316687915
129,0.0005231808833754747,0.00052595619248211,0.0005343080134624236,0.0005483142339135242,0.0005681053565018874,0.0005938655384798941,0.0006258340560717822,0.0006643072028942406,0.0007096406343434789,0.0007622521727607617,0.0008226250912096122,0.0008913118968882012,0.0009689386385878277,0.0010562097662197773,0.0011539135742927586,0.0012629282653521244,0.001384228673804581,0.001518893695254259,0.0016681144714629254,0.0018332033863003951,0.002015603933535634,0.0022169015229799582,0.0024388352972530094,0.0026833110371943187,0.002952415239549534,0.003248430455841068,0.003573851986056495,0.003931406024656251,0.004324069359031967,0.004755090721450297,0.0052280138940860015,0.005746702662252483,0.006315367702555922,0.006938595479598598,0.00762137920634997,0.008369151899082779,0.009187821528207258,0.010083808232772452,0.011064083531315074,0.012136211428572307,0.013308391290059979,0.014589502337157594,0.015989149602736757,0.017517711171547032,0.01918638648378564,0.021007245346898056,0.022993276968339804,0.025158437590120535,0.02751769382528517,0.03008705596406523,0.03288359034056212,0.03592539106356319,0.03923147879468949,0.04282158252349697,0.04671576487761502,0.05093389970744807,0.055495131277224774,0.06041766013786319,0.06571954724091222,0.07142167407552796,0.07755380896072729,0.08416132249093713,0.0913027518286238,0.0990424038151701,0.10741896347547335,0.11633679690932794,0.12548523184009638,0.13525460311588716,0.14567309261259584,0.1552017811454342,0.16585147608675965,0.17560057676951246,0.18586614131773635,0.19617520921502893,0.20734981091241259,0.21703619104418495,0.22771801455064208,0.23949020413811148,0.2503834466172752,0.26248229979966337,0.2735792774254236,0.28591679098668626,0.2967274265720513,0.3083880958057929,0.3197156122268973,0.3306494077235833,0.34023212913635087,0.3486798146875191,0.35851608693002374,0.36687599767211976,0.3758110664746292,0.3834008181676856,0.389413574468184,0.39532338003279854,0.40125688661295744,0.40693627577971947,0.4113438272015847,0.4146188023184523,0.41523331324601215,0.4159465162362382,0.4148427700975004,0.4137473055194847,0.41230084296825464,0.4076950700610662,0.4033013439478799,0.397097128256682,0.39171374545885496,0.386567082450576,0.38192548821369304,0.37766145321549055,0.3712029431321451,0.36504599197354637,0.3567851231428832,0.34818270201299345,0.3388156558471188,0.3300320915658043,0.32076272905857534,0.3087704243820536,0.29703487661353195,0.285177966173117,0.2731780436728441,0.26088527455815885,0.2485121228659373,0.2365000229823505,0.2249974185436568,0.2141047729356853,0.20447473447905384,0.1946426071586517,0.1824961851277262,0.17105022725410762,0.16042459124167763,0.15048876517769338,0.14125995016399442,0.13293179482328102,0.12301220643936546,0.11399038618079138,0.10559695377569071,0.09773192719629786,0.09034135284964899,0.08337878447792346,0.07685047849892686,0.07075789655938101,0.06508968850765864,0.05982677269827481,0.05494706913211899,0.05042807778068535,0.04624792089155818,0.04238560052742647,0.03882097140035773,0.035534676441349916,0.03250812358537515,0.029723501714915286,0.02716381213841719,0.024812896708912464,0.022655453958926305,0.02067704205895146,0.018864070795746892,0.01720378546409463,0.015684245076864466,0.014294296556091955,0.013023545969079845,0.01186232750349982,0.010801670690513254,0.009833266313055667,0.008949431417865698,0.008143073846340667,0.007407656690975086,0.006737163063310412,0.006126061525229498,0.005569272490640235,0.00506213585293086,0.004600380038991149,0.004180092636583093,0.0037976926912000625,0.0034499047232516254,0.003133734477633645,0.0028464463859702973,0.0025855426969650197,0.002348744211885067,0.002133972549489626,0.001939333856829812,0.0017631038784109846,0.0016037142953689795,0.0014597402478144852,0.001329888956694485,0.0012129893658704978,0.0011079827301929716,0.001013914080829913,0.0009299245047401476,0.0008552441807915686,0.0007891861204926691,0.0007311405665557521,0.0006805700075002193,0.000637004771216831,0.0006000391648491642,0.0005693281325195062,0.0005445844063539134,0.0005255761299711004,0.0005121249371207838,0.0005041044715189101,0.0005014393371598651
130,0.0005069696959094156,0.0005096459512661012,0.0005176994830044519,0.0005312047828629825,0.0005502866540160147,0.0005751211905754475,0.0006059371571031126,0.0006430177764299306,0.0006867029365732492,0.0007373918301348927,0.0007955460422729877,0.000861693106194511,0.0009364305481366779,0.0010204304470168317,0.0011144445373535013,0.0012193098877133688,0.0013359551908323762,0.0014654077056992492,0.0016088008962718652,0.0017673828161049428,0.0019425252929707593,0.0021357339725053383,0.002348659284942908,0.002583108404019835,0.0028410582720152146,0.0031246697694925886,0.003436303112413402,0.0037785345626450235,0.004154174540142535,0.004566287225801793,0.005018211742597827,0.005513584998442592,0.0060563662664053245,0.00665086356565965,0.007301761888927124,0.008014153298685562,0.008793568884881715,0.009646012541909554,0.01057799648356399,0.011596578373524633,0.012709399907501005,0.013924726641684976,0.015251488816583607,0.01669932286308074,0.018278613170459285,0.02000053348867851,0.021877086929942207,0.02392114276322807,0.02614646681193074,0.02856773993191843,0.031200555388537794,0.034061380823580734,0.03716746495589345,0.04053666769731544,0.044187206014831906,0.04813735418311505,0.052405231124375624,0.057008945083315124,0.06196750845849442,0.06730297934560325,0.07304397089668702,0.07922968548742651,0.08591292087162927,0.0931621513511176,0.10104065512450505,0.10947025673390426,0.11784287328073322,0.12676233595690736,0.13629507786299444,0.1464338535772727,0.15564826874530738,0.16592747540483033,0.1752285334745542,0.18481556431551596,0.19533400844160756,0.20441513770092137,0.2145236255052504,0.22503285097077344,0.23556082713475807,0.24638961513067398,0.2572583845924133,0.26914269902824617,0.2792297791203109,0.290411516502408,0.30061271825607805,0.30959833468848436,0.31840004477745154,0.32699420519131284,0.33603272061841405,0.3452249352052351,0.3525617928463227,0.3600533938784727,0.3668034702898305,0.37265998723644855,0.3771708640208238,0.3824682000859361,0.38583894228235865,0.3895938660101799,0.39099292187763834,0.39062426324606503,0.3892223834771678,0.38796906498038053,0.3871681047182201,0.3849776970220773,0.3799276604991368,0.3735816424916227,0.3682981980598705,0.36373511446012824,0.35968944603935554,0.3543808167567179,0.3491341219640497,0.34269946544372804,0.33463912008951363,0.32740144324950465,0.3189572604341958,0.3095709226993132,0.3002132323858873,0.2912609646840828,0.27941907747620987,0.2685083544806461,0.2582302960309889,0.24708579475949502,0.2347803890902942,0.2227806179820876,0.21151525661961013,0.20099253259900485,0.1911076036301618,0.18114662786488267,0.17064044159421551,0.1603381979127217,0.15046379973170704,0.14110913668404143,0.1322723411721731,0.12376481235072272,0.11511944205559885,0.10687200185187334,0.09908687693968399,0.09175662142885765,0.08486438576028148,0.07839032961961101,0.0723253702318551,0.06666060363563413,0.061382812873217465,0.056474992182142025,0.05191813963764666,0.04769269881091659,0.04377934567266148,0.04015930088435852,0.03681441264026461,0.03372717079300082,0.030880719891563723,0.02825888383275514,0.0258461949192099,0.023627918592425773,0.021590069189150615,0.019719415838438434,0.018003479617155815,0.01643052366968056,0.01498953786533207,0.013670219215964206,0.012462948953330588,0.011358766946751605,0.010349344018639638,0.0094269526549677,0.008584436577595753,0.007815179623522952,0.0071130743508371706,0.006472490757883286,0.005888245460748416,0.005355571626467776,0.004870089908103965,0.004427780575845189,0.004024956988001005,0.00365824049924334,0.0033245368620568945,0.003021014141953179,0.0027450821378660188,0.0024943732761546337,0.0022667249293499437,0.002060163098546886,0.0018728873904262898,0.0017032572155189084,0.0015497791327716438,0.0014110952660827875,0.0012859727206697034,0.0011732939304442541,0.0010720478716161354,0.0009813220822236077,0.000900295431979316,0.0008282315915516753,0.0007644731550650232,0.0007084363741193761,0.0006596064659583504,0.0006175334625298314,0.0005818285710829619,0.0005521610206335182,0.0005282553721220609,0.0005098892734048438,0.0004968916433786456,0.0004891412725712463,0.0004865658304535208
131,0.0004907854765367055,0.0004933634377703975,0.0005011209778841442,0.0005141292493324001,0.0005325074513123091,0.0005564237511122021,0.0005860965814078185,0.0006217963209862769,0.0006638473686187509,0.0007126306221237146,0.000768586377083214,0.000832217662215098,0.0009040940310847699,0.000984855832680383,0.00107521898639338,0.001175980290156766,0.0012880232939069132,0.00141232477415506,0.0015499618492778582,0.001702119779147762,0.0018701004968967167,0.002055331924898466,0.0022593781314063015,0.002483950388613749,0.002730919197109627,0.0030023273456381188,0.003300404078569363,0.0036275804463011523,0.003986505915638072,0.004380066317623969,0.0048114032088091285,0.005283934717848082,0.0058013779418403045,0.0063677729450297,0.006987508395429098,0.007665348851807175,0.00840646368374344,0.009216457571082012,0.010101402486618189,0.011067871018129626,0.012122970833548814,0.01327438003523368,0.01453038308123498,0.015899906861279678,0.01739255637849081,0.019018649259979314,0.020789247925538257,0.022716187570605853,0.02481209702042106,0.027090407844037184,0.029565344851608954,0.032251888591085964,0.03516569904745933,0.03832299283816633,0.04174038039629551,0.045434703710043337,0.049422973371179846,0.053722573095060844,0.058351940606992295,0.06333188398967056,0.06868750036198326,0.07445037659093244,0.0806607556246155,0.08737231502573299,0.09468691581549218,0.10295652320726284,0.11025226015675565,0.1184753372484361,0.12724382503034817,0.13638442077385476,0.1455534768978925,0.15519226901992395,0.16528735417345874,0.17358573769260544,0.18272052225990632,0.19202636927599226,0.20243651552658448,0.21176019827698425,0.2215724807673961,0.23163958927432743,0.24158026101791447,0.252920001413382,0.2619436052612902,0.2715448263593306,0.2810440504287045,0.2904197368548222,0.2983454884481964,0.3063232127862493,0.3148652130249588,0.3237718505308406,0.33114005368633886,0.3395561787048856,0.3448667051370802,0.34972714723929244,0.35397815961367585,0.3580651084169082,0.36135960688768864,0.36423238793615076,0.3658117198076846,0.3654947210039066,0.3655249562236497,0.3636764139294751,0.36222620959420115,0.36043981936237673,0.3564690703501678,0.3509833675503467,0.34618259193587103,0.34249009508448286,0.3376834953872257,0.33323808426855567,0.3269897254039466,0.3206296965292811,0.31356167641016136,0.306403096969459,0.2985590623592296,0.2909282967817092,0.2811716434872616,0.27193227714169854,0.26212619295797557,0.2524619679166464,0.24228080145063627,0.23263961069264977,0.22229776988624347,0.20981735913465713,0.19865161388276853,0.18848178764981555,0.17896288490916554,0.16929132504877142,0.15964710475012722,0.15019866174345453,0.14099016069693796,0.1322429430257421,0.12398348907078063,0.11570624538937203,0.10769115109749743,0.10006230078569799,0.09284398910980449,0.08603644618002138,0.07963263920190884,0.07362066082437066,0.06798881519215602,0.06272490299194453,0.05781500191696547,0.05324340602114226,0.048993282417940105,0.0450473969924302,0.04138861073671409,0.03800013673314597,0.03486565219956709,0.03196935013770126,0.029295974615076468,0.026830853333633487,0.02455992750808224,0.022469776032630947,0.020547631962111075,0.018781390959074534,0.017159612394899083,0.015671514181995066,0.014306962414056342,0.013056456741239739,0.011911112244932432,0.010862638454633377,0.009903316071578336,0.009025971915875923,0.008223952580104428,0.007491097241149476,0.00682171004752404,0.006210532459519008,0.005652715874701036,0.005143794823099115,0.004679660966919036,0.004256538090809213,0.0038709582223496125,0.003519738979959804,0.0031999622078108846,0.002908953925137134,0.00264426559074267,0.0024036566623262933,0.0021850784141029833,0.0019866589645251486,0.001806689458062987,0.0016436113403357916,0.0014960046637672883,0.0013625773607980466,0.0012421554230301144,0.0011336739270859848,0.001036168851095974,0.0009487696293168289,0.0008706923962243149,0.000801233875361544,0.000739765872154439,0.0006857303337527255,0.0006386349426732589,0.0005980492145871588,0.0005636010739933485,0.000534973884759891,0.0005119039155997236,0.0004941782234927695,0.00048163294088869146,0.0004741519552421602,0.00047166597206459214
132,0.00047466112280410437,0.0004771417532807685,0.00048460621285249437,0.0004971223780272674,0.0005148039508732771,0.0005378113241676844,0.000566352799262626,0.0006006861633846519,0.0006411206350874449,0.0006880191886468308,0.0007418012703380536,0.0008029459217848837,0.0008719953279352374,0.0009495588097149812,0.0010363172840553887,0.0011330282167927189,0.0012405310969090296,0.0013597534637246522,0.0014917175219604966,0.0016375473830492603,0.0017984769746643564,0.0019758586641164567,0.0021711726449868654,0.002386037140052683,0.002622219477116189,0.0028816480976561966,0.003166425561109978,0.0034788426098566107,0.0038213933613217357,0.004196791693681696,0.004607988889914154,0.005058192600782214,0.005550887179955731,0.0060898554329344426,0.006679201804728384,0.00732337700838228,0.008027204066589452,0.008795905701348281,0.009635132961807099,0.010550994928353614,0.01155008927167757,0.01263953337782985,0.013826995670227969,0.015120726657811426,0.016529589097056478,0.018063086443016824,0.01973138843196168,0.02154535211836748,0.023516535910165934,0.025657203077375394,0.027980309964345345,0.030499473168468336,0.03322891037241759,0.03618335352114575,0.039377944031237594,0.04282814112592094,0.046549705437506056,0.050558848877154304,0.054872641801062404,0.05950970863742021,0.06449111745425047,0.06984120337634667,0.075587737299062,0.08176006272055918,0.08838577086168303,0.0954817126260332,0.10274336010560726,0.11045080756578136,0.1185642223328599,0.12701950978449122,0.13574307030949706,0.14490382564481663,0.1547684004271024,0.1625084623354808,0.17110940271146796,0.1799915649590988,0.19002069538747413,0.19894778940243077,0.20845974179212953,0.2184515782481354,0.22636599521888479,0.2353183094471882,0.24450047997845747,0.25402125207962956,0.26309065507995527,0.2709179900396183,0.2796082976937631,0.2864912599027162,0.2948062723393515,0.30216121796333195,0.31044158913327774,0.3177463983888252,0.32389453698443066,0.32901354508119474,0.3323654351387665,0.33581078818274823,0.3388023990001241,0.34195856512711537,0.3426782942918053,0.3422908532375368,0.3423710867296936,0.3405972774353271,0.33900837449991494,0.3364466892021243,0.3331109679253851,0.3296733441516228,0.3248610250410785,0.3209662179845681,0.31722180764249275,0.31254920027452104,0.30660272865322225,0.3007803912394295,0.2941894674183263,0.28776006535229737,0.2796665743301458,0.27305860493504175,0.26335110935050676,0.2547532166016207,0.24597489130609942,0.23825594339198977,0.22720936472278888,0.21716944538577831,0.2070843396655679,0.19707028509576446,0.18614666258128176,0.17652066236035302,0.1680500716669654,0.15838163199768868,0.14933466582386168,0.14065382098658613,0.1319541902882254,0.12383740890219908,0.1166529221139416,0.10827172414643453,0.10068176110308936,0.0935798283034518,0.08688597119129904,0.08057652027825343,0.07464002543642091,0.0690653421361818,0.06384061764040323,0.058953291655195944,0.05438987108690486,0.050135932335335684,0.04617641737289095,0.04249601483692665,0.03907946474221227,0.03591174960741367,0.03297820252127069,0.030264571610241257,0.027757065761570124,0.02544239184214253,0.023307785719239058,0.02134103674038737,0.01953050518752341,0.017865132766844934,0.01633444666411409,0.014928557916914952,0.013638154890197594,0.012454492587499835,0.011369378455998749,0.010375155279706075,0.00946468170731738,0.008631310924185598,0.007868867944526611,0.007171625965252004,0.006534282184455179,0.005951933445302009,0.005420052020825675,0.004934461808349801,0.004491315155543572,0.0040870704949368996,0.003718470921372844,0.003382523808348677,0.0030764815251811423,0.0027978232877916447,0.0025442381517155805,0.002313609136522842,0.0021039984558342754,0.0019136338160503207,0.001740895739228771,0.0015843058606996873,0.0014425161494501855,0.0013142989985593578,0.0011985381335836392,0.0010942202884203778,0.0010004276005122533,0.0009163306800579545,0.0008411823109792802,0.0007743117446218906,0.0007151195504347499,0.0006630729911113484,0.0006177018928379711,0.0005785949843531797,0.0005453966814649893,0.0005178042964948243,0.0004955656548242221,0.0004784771033202875,0.0004663818979209218,0.00045916896008453925,0.00045677199416587947
133,0.0004586280133701264,0.0004610124668552545,0.00046818733019133603,0.00048021727336816655,0.000497210618374417,0.0005193201501749473,0.0005467442580363964,0.0005797284132049582,0.0006185669907232705,0.0006636054450088157,0.0007152428507174091,0.0007739348223959701,0.0008401968285026173,0.000914607917552682,0.0009978148764486195,0.0010905368434800742,0.00119357040104412,0.0013077951758367946,0.001434179977100983,0.0015737895064699666,0.0017277916759982628,0.001897465574087578,0.0020842101221476375,0.002289553467914105,0.002515163164292589,0.00276285718529555,0.003034615832938886,0.0033325945906692613,0.0036591379797377833,0.004016794474566697,0.004408332531103732,0.004836757777812175,0.005305331411533102,0.005817589829053893,0.006377365508780906,0.006988809134367505,0.007656412922508607,0.008385035079636066,0.009179925266535667,0.010046750895861076,0.010991624025051742,0.012021128535501571,0.013142347205382892,0.014362888182275073,0.015690910231156284,0.017135145954176423,0.01870492192273323,0.02041017429527797,0.022261457989149615,0.024269946849154362,0.02644742164518059,0.028806242507302595,0.031359303322792575,0.03411996890666563,0.03710200294192496,0.04031950663137822,0.04378690262056016,0.047519007824478196,0.051531227055212604,0.05583985135172682,0.06046236042646905,0.06541751881877113,0.07072483253369016,0.07640226555143712,0.08246056307318964,0.08889473249495446,0.0956598101542762,0.10278474054870401,0.1102610402421072,0.11806585445430103,0.12619181208039418,0.13474475303300337,0.14401823500996136,0.1515472554343525,0.16030056873451767,0.1680854707055887,0.1770491320226899,0.18688328508577537,0.19627107395658822,0.2055449206562798,0.21165010543172075,0.21931752771494975,0.22803965724274522,0.2385211223228602,0.24459436903230208,0.2520026861273483,0.2606919723634687,0.2669415442572795,0.2740232626367866,0.28123374719867,0.2891710316591005,0.29541195666160236,0.3018110917484187,0.3079434756166946,0.31208468060348904,0.3153058919261776,0.31753763783000055,0.32028515698542387,0.32130067302882787,0.32014515903620777,0.3195365259051095,0.31873956460452807,0.31782705257961114,0.31464107100025884,0.3115670992863482,0.308322981569527,0.3043530529712932,0.3009175643090501,0.296074153575457,0.29160455431126486,0.2876753023480405,0.2829776118226778,0.2760537583210294,0.2690803661846072,0.26101409736502956,0.25377748446154313,0.24603032489854793,0.2390349441035487,0.2300170091007749,0.2222246753935761,0.21250067773431297,0.20307212343622905,0.19308401265239045,0.18328027223123583,0.1736072165819932,0.16458200822353192,0.1561526657345156,0.14777573928069823,0.1394540508675162,0.13191580155258664,0.12319849247509213,0.11539842673769195,0.10814535338862766,0.10086774247074623,0.09394397888020617,0.08739708493105693,0.08121209949045123,0.07537745869672974,0.06988394360972743,0.06472168058357168,0.05987974300025194,0.055346372848455755,0.051109094194545415,0.04715482856613606,0.04347009558240747,0.04004124636880026,0.036854663295964055,0.033896902927034414,0.03115479150197087,0.02861549057724721,0.026266545982651227,0.024095926823141482,0.022092057038923512,0.020243840196922096,0.018540677729425827,0.01697248091702132,0.015529677087227904,0.014203210611195727,0.012984539314632627,0.011865626906583729,0.010838932000168321,0.00989739426815646,0.009034418247098653,0.008243855274938849,0.007519984016053899,0.006857489992951588,0.006251444505263079,0.005697283274972439,0.005190785113282696,0.00472805086048906,0.004305482807014823,0.003919764762509941,0.00356784290156381,0.003246907479862186,0.0029543754840013568,0.0026878742518962194,0.002445226078796202,0.0022244338061794475,0.0020236673769138255,0.0018412513296406498,0.0016756531978908366,0.0015254727745091473,0.0013894321990827916,0.00126636682482574,0.0011552168213882984,0.0010550194710253174,0.0009649021172024833,0.0008840757268358927,0.0008118290297786729,0.00074752320176241,0.0006905870596764349,0.0006405127407575147,0.0005968518399207678,0.000559211982060974,0.0005272538086759289,0.000500688360603498,0.00047927484102162747,0.0004628187451404407,0.00045117034522534037,0.00044422352173925373,0.00044191493349130103
134,0.00044271593855369407,0.0004450055456177083,0.00045189482924350914,0.0004634453277553688,0.00047976010919171337,0.000500984530197547,0.0005273073037799917,0.0005589618812690089,0.0005962281554039623,0.0006394344930860459,0.0006889601080072429,0.0007452377850993119,0.0008087569705523565,0.0008800672430425621,0.0009597821837923196,0.0010485836651710153,0.001147226579736058,0.0012565440339118749,0.0013774530329046623,0.0015109606859404997,0.0016581709634731193,0.0018202920406035225,0.001998644263542266,0.002194668778466337,0.0024099368644963587,0.0026461600146413236,0.0029052008102884693,0.0031890846359709985,0.0035000122814790426,0.0038403734775583286,0.004212761409024761,0.004619988244533649,0.005065101714744941,0.005551402759326419,0.0060824642471078464,0.006662150751647357,0.007294639335450345,0.007984441259231964,0.008736424487395145,0.009555836807123427,0.010448329316200199,0.011419979963717096,0.012477316747173554,0.01362734007613366,0.014877543700558375,0.016235933461074773,0.017711042934662535,0.019311944807524597,0.02104825650181949,0.02293013824287126,0.024968281484795265,0.02717388566096211,0.0295586220309896,0.03213458557384859,0.03491424000135336,0.03791036695847425,0.04113603646942807,0.044604616741748274,0.04832982956694543,0.05232582531801432,0.05660719928777434,0.0611888073510092,0.06608514628610096,0.07130886216107758,0.07686784249371609,0.08276182910290275,0.0889823853405112,0.09552794662245241,0.10238970715720849,0.10955146664543516,0.1169994852587168,0.12473148696315645,0.13268061555350627,0.14032379141716447,0.14823319620124523,0.15613992957979544,0.1645583828501055,0.17345351247298874,0.1823827035068153,0.19070918520832902,0.196783114711444,0.2037559898508261,0.21137768373188365,0.21929737925248294,0.2262002109072213,0.23319545251860269,0.24048493549485073,0.2473397531537884,0.254961315562783,0.26121147342059314,0.26803760761333884,0.27458021651431297,0.28125612453214555,0.2870444702814479,0.29132561362073767,0.29405301101990766,0.2973266889239455,0.29877570920309354,0.3002852853892409,0.2991181094518263,0.2986013567772235,0.2988014273015773,0.2977164731606062,0.29445427320702267,0.29165752706793957,0.28899656892132214,0.2846435502426439,0.2804188315283722,0.2760523615245504,0.271914069904996,0.2681094556145124,0.26223574816261186,0.25605010426214,0.249620233661559,0.24272273371671313,0.23586224560491675,0.22897688659806995,0.22311469244876742,0.21400049405961005,0.20616826476802705,0.19881773097445732,0.1907997053901764,0.18009647964000636,0.17058156769354044,0.16163441800449846,0.15321330493474375,0.14531078332382744,0.13813499196150658,0.12972697757744944,0.12208270442879635,0.11449623147613691,0.10731738578687057,0.10049386677582393,0.09387950023421686,0.08754680457125597,0.0815265456935345,0.07582448664675494,0.070438154244575,0.06536168339553033,0.06058698471858277,0.05610446840331059,0.05190356342617586,0.047973015690562074,0.04430108647362267,0.04087573336462556,0.037684781584744614,0.034716069559102426,0.03195756128608021,0.029397429615992197,0.027024118689847065,0.02482639251719773,0.022793373928981002,0.020914575989841755,0.019179926797458766,0.017579788157232754,0.016104968540251174,0.014746730770715467,0.013496794934661322,0.012347337023940455,0.01129098383107448,0.010320804601203212,0.009430299932694095,0.0086133883994918,0.007864391345408067,0.007178016272692053,0.00654933921455203,0.00597378644471913,0.005447115837942976,0.004965398154861855,0.004524998484274028,0.004122558036560762,0.003754976444796299,0.003419394695655182,0.00311317878112992,0.002833904134644035,0.002579340891540805,0.0023474399941276277,0.0021363201452955153,0.0019442556019367914,0.0017696647896008216,0.001611099712666509,0.0014672361293703571,0.0013368644579222358,0.00121888137830925,0.001112282093912495,0.0010161532174672587,0.000929666246954422,0.000852071598531938,0.0007826931654514133,0.0007209233739407659,0.0006662187091830507,0.0006180956867207546,0.0005761272468200584,0.0005399395515115439,0.0005092091661647643,0.0004836606095447072,0.0004630642583353309,0.0004472345941002147,0.0004360287825870097,0.0004293455771767141,0.0004271245401378245
135,0.0004269530431591622,0.000429149297430236,0.0004357575086310327,0.0004468361630416767,0.00046248320885639276,0.0004828367651203549,0.0005080761189441116,0.0005384230157248886,0.0005741432484939698,0.0006155485539296433,0.0006629988240338758,0.0007169046439763772,0.0007777301681705544,0.0008459963482702836,0.0009222845284718216,0.0010072404252772366,0.0011015785107275774,0.0012060868200450075,0.0013216322066277202,0.0014491660694075671,0.0015897305796879909,0.0017444654366992264,0.0019146151831970454,0.0021015371144342074,0.0023067098156753997,0.002531742365008245,0.002778384239394811,0.003048535962536971,0.003344260532963758,0.00366779566947985,0.004021566908329404,0.004408201581589333,0.004830543698723858,0.005291669742067202,0.0057949053712792326,0.006343843010488456,0.006942360263872319,0.0075946390699645275,0.008305185461474742,0.009078849745727006,0.009920846861247327,0.010836776599045275,0.011832643303016355,0.012914874582084946,0.014090338475130236,0.015366358404282368,0.01675072512698171,0.018251704746894165,0.01987804166997943,0.021638955217174387,0.02354412849589577,0.025603688228160452,0.027828174760513438,0.03022850271536494,0.03281591485073436,0.035601934390656134,0.03859832311465055,0.04181705116108665,0.04527027591222625,0.04897030816569687,0.052929514693628485,0.05716007385187483,0.06167347099454468,0.06647959184286903,0.07158532434908652,0.07699310508831289,0.08270089875330154,0.08870420924689898,0.094993057229808,0.1015505759948662,0.10835472132611539,0.11537648960216716,0.12255450853062091,0.12976411490802392,0.13712840410772048,0.1446676709976576,0.15256683584514444,0.16094440810432653,0.17019274163793024,0.17610291391326177,0.1823167760329734,0.18890040732587504,0.1958496195928892,0.202560474988679,0.20908481418201208,0.215612628748531,0.22222421480923324,0.22882762981493576,0.23560342856247019,0.2421928453238485,0.2487544876690467,0.25549876052323295,0.26065966437187615,0.2663925428728276,0.27063261287373297,0.27401254066509245,0.2774047210640768,0.278983947591261,0.2804215891658569,0.27910786139873034,0.2785832655987735,0.27858200036327957,0.278387219693046,0.27545905103610935,0.2730534469752938,0.26934612375498035,0.26604226269378606,0.26132002545784083,0.25717006843588114,0.2536747086574696,0.24925316064928282,0.24331493059124426,0.23768386188982316,0.23197703031749023,0.2256378932193926,0.21907232566824206,0.2123136230498881,0.20558145753281212,0.19815828634472102,0.19094791340555048,0.18383226886356432,0.17593504669169738,0.16711082047982212,0.15850503368219104,0.1502998504178873,0.1424745163499729,0.13493540858730574,0.1276770328866675,0.120316647157132,0.11322055637675435,0.10633206181376245,0.09972819307966165,0.09340457293718084,0.08732690922522844,0.08151151244988752,0.0759744138531838,0.07072235779219692,0.06575540774732871,0.06106948859969444,0.05665790389808606,0.05251231162960057,0.04862334005653725,0.04498095341026677,0.041574682531599426,0.03839379593906505,0.03542744039906312,0.03266475694987579,0.030094973961245452,0.027707480510944252,0.02549188446313365,0.023438059123756586,0.021536181145594604,0.019776761266452877,0.018150668774367718,0.016649150262785777,0.015263843124877765,0.013986784218177666,0.01281041413978848,0.01172757756139406,0.01073152007631126,0.0098158820082585,0.008974689623953794,0.008202344178717572,0.007493609205448355,0.006843596432745142,0.006247750688362159,0.005701834110867028,0.005201909956756306,0.004744326253716092,0.004325699514371718,0.00394289868971541,0.0035930295082031373,0.0032734193158613597,0.0029816025050607114,0.002715306595155612,0.002472439007062273,0.0022510745560213063,0.0020494436721184882,0.0018659213463825593,0.0016990167911467623,0.0015473637965227834,0.001409711759954578,0.0012849173625678967,0.0011719368641049483,0.001069818987360173,0.000977698362975985,0.0008947895060168285,0.000820381296751516,0.0007538319394055503,0.0006945643741933765,0.00064206211962622,0.0005958655238555623,0.0005555684056131581,0.000520815067116691,0.0004912976631067202,0.0004667539119541677,0.00044696513652255895,0.0004317546241838543,0.00042098629707207314,0.0004145636853178608,0.000412429197643662
136,0.0004113657813034842,0.0004134703256649017,0.00041980242086527795,0.00043041758488973495,0.00044540878709322984,0.0004649071093393253,0.0004890826757403936,0.0005181458551633051,0.0005523487418810499,0.000591986920988323,0.0006374015264637112,0.0006889816010589031,0.0007471667685325911,0.0008124502301294549,0.0008853820986380863,0.0009665730848497073,0.0010566985527835624,0.0011565029616430762,0.0012668047141129813,0.0013885014322894895,0.001522575684233761,0.0016701011858249867,0.00183224950422368,0.0020102972907849923,0.002205634072615293,0.0024197706330498767,0.0026543480120228436,0.0029111471574396275,0.0031920992580322595,0.0034992967864897083,0.003835005278529852,0.004201675868520012,0.004601958594629886,0.005038716475544519,0.0055150403455824,0.006034264414688643,0.006599982493260316,0.007216064788320917,0.0078866751367201,0.008616288492779303,0.00940970843265436,0.010272084376637056,0.011208928164904486,0.012226129552919003,0.013329970120195222,0.014527135009832754,0.015824721834384683,0.01723024599472294,0.01875164156448703,0.020397256805912756,0.022175843337642318,0.024096538040123412,0.026168837064765228,0.028402561921661004,0.030807818586071234,0.03339495165807586,0.03617449612033062,0.039157127815057216,0.04235360860496189,0.04577471190347359,0.04943109945907518,0.05333310507954088,0.057490372348788316,0.0619112985265617,0.06660227556319352,0.07156685421918454,0.07680512905163085,0.08231315409644362,0.08808088996560746,0.09408994277517296,0.10031112391887448,0.1067145678987015,0.11326916166055785,0.11994397845342417,0.12677116394622237,0.13377955131160607,0.14101706657858556,0.14844782299906673,0.15585549317103609,0.16233432459216293,0.16870666544788454,0.17494981698760714,0.18186481552014422,0.1873371723578986,0.19326847597615956,0.19932650978513278,0.2054454961704722,0.21162116587417737,0.2179633843239076,0.2248373476644106,0.2304949933235973,0.23622161597354216,0.24158245038252452,0.24717224363482215,0.251056473120286,0.2554898056601219,0.25782293151575275,0.26126088495385164,0.2619113408481407,0.2600197909928507,0.2596817415762203,0.26020208962021363,0.2602520028844452,0.25757344584582137,0.25393286627919476,0.25053687065525454,0.2468071863423169,0.2427979161069817,0.2388630473043451,0.23480794172044117,0.23042136389170942,0.22558168574294568,0.22072906866848538,0.21623351300911417,0.21001818967930616,0.20370514714175647,0.19699131467640824,0.19023199777497923,0.18344024779725135,0.1768819272113696,0.1708567044407239,0.1631135295626438,0.1550172025377066,0.14713986274648128,0.13964488668048444,0.13245588391825625,0.12535016773423285,0.1184260679737086,0.11163885821785498,0.10506513203092688,0.09871839786885574,0.09262244970276214,0.08677889078894017,0.08117990366714577,0.07582982708534018,0.07073540397297845,0.06590017199125753,0.061323697246758964,0.05700234683314853,0.05293023829027696,0.04910001167388062,0.04550336213023272,0.042131377277856444,0.03897475331797842,0.03602394724871204,0.033269295352382655,0.030701109995875747,0.02830975935133892,0.02608573283573421,0.02401969480689163,0.022102528744721805,0.020325373618110026,0.018679653604739783,0.01715710194346625,0.015749779477951566,0.014450088348588512,0.013250781251781626,0.012144966674287666,0.011126110507556079,0.010188034445862009,0.009324911569568177,0.008531259509133322,0.007801931574987482,0.007132106222335739,0.006517275198441402,0.005953230693813385,0.005436051789217898,0.004962090458883277,0.004527957357900759,0.004130507589689228,0.0037668266183339357,0.0034342164612894627,0.0031301822708517573,0.0028524193883002168,0.0025988009328973645,0.0023673659690925954,0.002156308279277098,0.0019639657561546903,0.0017888104180308862,0.0016294390418338778,0.0014845644021924077,0.0013530071001249659,0.0012336879615671519,0.0011256209838226847,0.0010279068068365991,0.0009397266857540601,0.0008603369413722815,0.0007890638656728227,0.0007252990605205838,0.0006684951887416715,0.0006181621180732559,0.0005738634398603543,0.0005352133458171283,0.0005018738476453113,0.00047355232579014597,0.0004499993951020252,0.00043100707665217984,0.0004164072664192949,0.0004060704930194082,0.0003999049580941687,0.0003978558544039171
137,0.00039597888289121083,0.00039799349571447356,0.0004040548389710271,0.0004142155496053727,0.0004285637649904721,0.0004472237384405355,0.0004703567045626676,0.0004981619980919562,0.00053087843091206,0.0005687859330339611,0.0006122074643931939,0.0006615112054347061,0.0007171130355888223,0.000779479309905591,0.0008491299453114672,0.0009266418291838474,0.0010126525642054369,0.001107864564758794,0.0012130495214446378,0.00132905325164329,0.0014568009553679213,0.0015973028969536783,0.0017516605343505078,0.0019210731188888854,0.0021068447892997064,0.0023103921844044263,0.002533252599133694,0.0027770927082304032,0.0030437178809455904,0.0033350821079783277,0.003653298558496201,0.004000650779852672,0.004379604545025679,0.00479282034215112,0.0052431664860212645,0.005733732812207617,0.006267844889721743,0.0068490786571719885,0.007481275349847831,0.008168556541182074,0.00891533907231345,0.00972634958932217,0.010606638350946964,0.01156159191221321,0.012596944233167769,0.0137187857078934,0.01493356955726227,0.01624811497889859,0.017669606399729122,0.01920558813457975,0.020863953732419956,0.022652929319660273,0.024581050373737385,0.026657131628463268,0.028890230231479314,0.03128960272679737,0.03386465658087204,0.03662489618478429,0.039579860740887055,0.04273904658687964,0.046111799685075866,0.04970715733632208,0.053533615460912634,0.05759880198005493,0.06190904604989787,0.0664688363485524,0.07128011239280567,0.07634114370908261,0.08164476778921152,0.08717401005132289,0.09286595111533694,0.09870873289247986,0.10469463453617135,0.11082642957658029,0.11711780246361307,0.12357894767036037,0.13020220979040573,0.13689665919516655,0.14343002687374437,0.1497425750532786,0.15639709541265548,0.16155525661253403,0.1673162216610948,0.17289956706998139,0.178564143794521,0.18424504621300944,0.1899154189617024,0.195612640935628,0.20138388844010682,0.20727065030677555,0.21297444736375198,0.21848396261603995,0.22392367565415125,0.2280877729553249,0.23235503621577777,0.2375670820607871,0.23897897734770773,0.24200262850201082,0.24145132117847107,0.2411218817752292,0.2415326831660927,0.24062738640291123,0.2399275078141507,0.23884389141085452,0.23574785148459007,0.2331660116442893,0.22901678964979744,0.22536835644100994,0.22185623169981478,0.21773684566876156,0.21351964546832347,0.20921393147752182,0.2046422351896344,0.2001475584180145,0.19569698338482505,0.18995250635026872,0.1829573791015616,0.1761779157488118,0.16969177103878097,0.16348315636349284,0.1575398951450943,0.15165585775645227,0.143706472006232,0.13639410475122532,0.1295783044209082,0.12310987631290138,0.11642909592089432,0.10994937143179394,0.10360637122542049,0.09748141169443167,0.09159819034538284,0.0859611985674783,0.0805661119551843,0.07540738740429083,0.070484234240632,0.06579797130756573,0.06134901256556155,0.057135666962029936,0.05315414069940327,0.049398987457145035,0.04586359940497284,0.042540589704348965,0.03942205304249139,0.03649973978123418,0.03376518062504742,0.031209784586386888,0.028824920659830146,0.0266019871920647,0.024532470716395936,0.022607995555968107,0.02082036540562829,0.019161597950884356,0.0176239533731146,0.0161999574010171,0.014882419436558044,0.013664446205493246,0.01253945133972125,0.011501161275738412,0.010543617841037021,0.009661177893191212,0.008848510371009425,0.0081005911105985,0.007412695769359929,0.006780391186703963,0.006199525491493855,0.005666217243528037,0.00517684387073913,0.004728029636355009,0.004316633342082495,0.003939735945343844,0.0035946282414566,0.0032787987359748577,0.002989921808635819,0.0027258462487797603,0.002484584222914605,0.0022643007183503643,0.0020633034925113545,0.001880033545544204,0.0017130561240160955,0.0015610522556377157,0.0014228108088227723,0.0012972210662765217,0.0011832657984597577,0.0010800148204863202,0.0009866190145853063,0.0009023047995210338,0.0008263690281660028,0.000758174294640141,0.0006971446329613778,0.0006427615899159793,0.0005945606557875751,0.0005521280376316569,0.0005150977609100932,0.00048314908648034024,0.0004560042311468211,0.00043342638121372204,0.0004152179897200963,0.0004012193492838608,0.00039130743372759716,0.00038539500290422067,0.0003834299663838159
138,0.00038081533131163455,0.0003827419128102033,0.00038853823467330077,0.00039825414296352406,0.0004119730947716111,0.0004298127302773688,0.0004519256767994523,0.00047850058800302244,0.0005097634223467924,0.0005459789657696298,0.0005874526045438824,0.0006345323551603717,0.0006876111590610379,0.0007471294510018002,0.0008135780108119581,0.0008875011093179112,0.0009694999602167038,0.0010602364907149314,0.0011604374447830787,0.001270898833901931,0.0013924907511775706,0.0015261625656482322,0.0016729485144638156,0.001833973711339066,0.0020104605902008777,0.0022037358031861765,0.0024152375919912323,0.002646523650884978,0.0028992794982932966,0.0031753273714971884,0.003476635655352567,0.0038053288506336995,0.004163698080127659,0.004554212120364073,0.004979528933167133,0.005442507653335893,0.005946220965999502,0.006493967779014079,0.007089286061928604,0.007735965683774297,0.008438061038050629,0.009199903196270124,0.01002611128334083,0.010921602721302454,0.011891601944811986,0.012941647154035129,0.014077594638914667,0.015305620182567294,0.016632217029438928,0.0180641898853579,0.019608644405432276,0.021272971633931305,0.023064826911314194,0.024992102888617813,0.027062896510112594,0.029285470117179052,0.031668207068649465,0.03421956220792058,0.03694800676952404,0.03986196561245353,0.042969742156728295,0.046279424193645245,0.04979876392435671,0.05353502951923248,0.05749482983110865,0.061683913726168216,0.06610702210203695,0.07076884199866071,0.0756818306835766,0.08086895618084175,0.08601514703645902,0.09131746009191899,0.0967596652525677,0.10236139010197297,0.10813548514378832,0.11408669667391462,0.12020600198855176,0.12640026947968502,0.13214322595191125,0.13780058637786952,0.14344416707543092,0.14873813658461887,0.15413769093809393,0.15956410243362817,0.16501658119306017,0.1703484539408393,0.1755445710562706,0.1807439594693796,0.18600258116382615,0.1913357238516198,0.1967082932097327,0.20223983776599658,0.2060665762586954,0.21006701190718313,0.2141140467423956,0.2185319835051267,0.22021098829261893,0.22196928899434298,0.22270667949129563,0.22310487359428138,0.2229120826771755,0.22225154992175436,0.22135713093789092,0.22012939564660775,0.218132969624087,0.215248913783236,0.2119611416932241,0.2089983925104893,0.20653585406305422,0.201977595759875,0.1979961136821408,0.19461330149949094,0.1896706986949917,0.1851737472970979,0.18065116280204108,0.17542752273550682,0.16991179905879933,0.16300148062170558,0.1567897556598264,0.15093122169738843,0.14526509965807485,0.1399966820652514,0.13272415194887996,0.12607737944432879,0.11994996500755804,0.11460810237251293,0.10801552044817983,0.10211480777134829,0.09611946011262382,0.09038008945217742,0.08491525687281856,0.07970450674347788,0.07473044057124842,0.06998251407074152,0.06545587347818932,0.061148420068985965,0.05705834257005798,0.05318287315262823,0.049517982506775374,0.04605852985694042,0.04279853436524297,0.039731416769023954,0.03685017616259513,0.0341475152385127,0.03161593519804845,0.0292478144767014,0.02703547756459161,0.02497125580672899,0.023047540593437357,0.021256829232465184,0.01959176398997548,0.01804516490755936,0.016610057006393602,0.01527969243535805,0.014047568055027146,0.012907438894056,0.011853327872612965,0.010879532157829441,0.009980626496302486,0.009151463855661637,0.0083871736979643,0.007683158199201238,0.0070350867191198395,0.006438888812523558,0.005890746056751106,0.005387082950465791,0.004924557116895421,0.004500049021117168,0.004110651386732202,0.0037536584730798834,0.003426555350633308,0.003127007289900223,0.0028528493584060745,0.0026020763014265396,0.0023728327652285785,0.002163403906741949,0.001972206420806299,0.0017977800053445834,0.0016387792758727675,0.001493966133503996,0.0013622025848574022,0.0012424440078443537,0.001133732853987494,0.0010351927755500026,0.0009460231641490687,0.000865494086552056,0.0007929416028793275,0.0007277634523567173,0.0006694150919841008,0.0006174060739420287,0.0005712967481881512,0.0005306952774539761,0.0004952549527055557,0.0004646717980527453,0.000438682455061249,0.0004170623374255628,0.0003996240479890163,0.00038621605114220233,0.0003767215946881684,0.0003710578763283065,0.00036917545099443794
139,0.0003658963518698107,0.0003677369106517426,0.0003732742676320363,0.00038255557047795115,0.00039565975157180075,0.0004126980587846084,0.0004338148012954529,0.0004591883131918801,0.000489032138367548,0.0005235964410142382,0.0005631696467872191,0.0006080803205066035,0.0006586992870437257,0.0007154420028314468,0.0007787711862307827,0.0008491997157825191,0.0009272938061688977,0.001013676472502092,0.0011090312943347323,0.001214106491540476,0.0013297193249212592,0.001456760835036919,0.001596200933288007,0.0017490938596682413,0.0019165840217795914,0.0020999122295930267,0.002300422339941097,0.0025195683237148603,0.0027589217670390648,0.003020179815099066,0.003305173563513131,0.003615876896834718,0.003954415766500263,0.004323077890797741,0.004724322846642966,0.005160792506511157,0.005635321753221316,0.006150949379999805,0.006710929053231014,0.007318740180844118,0.007978098491254824,0.008692966087675641,0.009467560702496441,0.010306363838748856,0.011214127452809142,0.012195878806322339,0.013256923096604535,0.014402843462787746,0.015639497957675247,0.01697301307044048,0.01840977338307286,0.019956406950505004,0.021619766028603077,0.023406902867674693,0.02532504048379205,0.02738153865095984,0.029583855818796943,0.031939508166382594,0.03445602736865777,0.03714091867319225,0.04000162060993484,0.04304546789904477,0.04627966208424073,0.04971126435388798,0.053347254241479736,0.057194836176188965,0.06126315277018789,0.06557405940701647,0.07022084087486227,0.07559490417856393,0.07976999232316803,0.08448459574599498,0.08939599983845398,0.09448823518833754,0.09976797082845949,0.10524370264017463,0.11097067842749228,0.11719894475934037,0.12180211148923738,0.12679505326183738,0.13186905222870432,0.13691262573629776,0.14204804967168133,0.14731448104469252,0.15269228977191002,0.15768455590273292,0.16227141650719754,0.16693147628806676,0.1716913375183757,0.17655010105352742,0.1814189114613286,0.18574489914001602,0.18952458589338028,0.19323243133419923,0.19690934246730823,0.20049140666461798,0.20287727308421297,0.20456365575440533,0.2057858748048912,0.207032592007245,0.206038643419736,0.20533346948585202,0.20432198726585696,0.2033675263802661,0.20258194565715235,0.1990070626898643,0.19589832746267014,0.19334709997697055,0.19111131802553707,0.18674671065128473,0.18326972147377618,0.18060378814306033,0.17564936564102313,0.17145756687337174,0.16770097677615356,0.16250307770477804,0.15621767534828762,0.15026130227724638,0.14461062940286962,0.13922568019272927,0.13360866716120828,0.12805414810022503,0.12206137120985053,0.11619056859362314,0.1105468545525021,0.10518906876167486,0.0998420692283274,0.09516706543988793,0.0890943923076182,0.08367777141509664,0.07861547800410101,0.07381550262109622,0.06924297773421742,0.06488258031561031,0.06072719991617856,0.05677307617456986,0.05301726518558879,0.049456452152407716,0.0460865749801264,0.04290283981283417,0.03989986131873384,0.03707180427164651,0.03441249351805166,0.031915497518819023,0.02957419757334498,0.02738185034091317,0.025331646093883733,0.02341676245680202,0.02163041279456872,0.01996588874540172,0.01841659686766365,0.016976089690731652,0.015638091608002586,0.014396520086457228,0.01324550264951476,0.01217939005289213,0.0111927660341671,0.010280453983352053,0.00943752085638948,0.008659278635411658,0.007941283626586781,0.007279333875671912,0.006669464970665111,0.006107944488651306,0.0055912653293718985,0.0051161381611895245,0.004679483186364065,0.0042784214125042,0.003910265596362499,0.0035725110054139917,0.0032628261224304806,0.0029790433989708965,0.0027191501456878316,0.002481279630842781,0.0022637024435788185,0.0020648181653903936,0.0018831473818565327,0.0017173240570095966,0.0015660882845962049,0.0014282794238183762,0.0013028296217712971,0.0011887577205613208,0.0010851635438366128,0.0009912225550433864,0.000906180877994786,0.0008293506691835121,0.0007601058305752586,0.0006978780512956501,0.000642153166591373,0.0005924678226430123,0.0005484064361813736,0.000509598438369906,0.0004757157930312133,0.0004464707799907566,0.0004216140350667935,0.00040093283903800173,0.000384249648758295,0.0003714208644538801,0.00036233582812439597,0.00035691604887316776,0.0003551146519072905
140,0.0003512414104093917,0.0003529980503002941,0.00035828278515504766,0.00036714015851029176,0.0003796447365645747,0.0003959015998092559,0.00041604703365874583,0.0004402494204216503,0.00046871033561607985,0.0005016658522891632,0.0005393880576521608,0.0005821867869880968,0.0006304115804281333,0.0006844538688254359,0.0007447493955798582,0.0008117808818813684,0.0008860809434411488,0.0009682352673609641,0.001058886058344951,0.001158735763970704,0.0012685510891905472,0.001389167310604829,0.001521492901304393,0.0016665144771763247,0.0018253020754500134,0.001999014775857796,0.0021889066740036845,0.0023963332152566923,0.0026227578955607747,0.0028697593327888446,0.003139038708420936,0.0034324275740947523,0.0037518960105953608,0.004099561117692747,0.0044776958014286225,0.004888737810513666,0.005335298954990698,0.005820174417957297,0.006346352044891248,0.006917021465339531,0.0075355828692735966,0.008205655226696322,0.0089310837060402,0.009715946016778708,0.010564557376716788,0.011481473786357378,0.012471493282259992,0.013539654837733903,0.014691234580604595,0.01593173900200806,0.01726689483731389,0.018702635316965605,0.02024508253007554,0.021900525753528476,0.023675395829566043,0.025576236089999437,0.02760967097091842,0.029782374315906433,0.03210104028925326,0.03457236057213024,0.03720301195669598,0.03999965913111822,0.04296898081023368,0.046117741176635,0.04945298747063975,0.05298277522486064,0.05671945181327476,0.060691659704967926,0.06495900800415522,0.06951200461198462,0.073761705070591,0.07806638085477952,0.08251032885825434,0.08713672525987534,0.091943480274196,0.09691113816069472,0.1020144577839326,0.10716815162378109,0.11188525275123293,0.11657133476276718,0.12126450701615184,0.12599325820127882,0.13085285137920777,0.1359883999739913,0.14178850408255048,0.1464602633584966,0.14996727907596152,0.15407652884701156,0.15835080392619405,0.16283597262570465,0.1677597963887613,0.17093352609107243,0.17428288627110958,0.1776612407594966,0.18114927424840047,0.1851235657716228,0.18774839804818955,0.1887849422657454,0.18999880873841107,0.19113128022562675,0.19011229656524864,0.1898740301344367,0.18836592014197473,0.18764004862479863,0.1878754579776277,0.18369331662976646,0.1807178594911864,0.17888398235365596,0.17609889169596754,0.1719125030884101,0.1685470775002864,0.16546629086517842,0.16169018293994458,0.1585904704971759,0.15445477118216647,0.14878335150697397,0.14339203766103642,0.13831240883135007,0.13319779435501916,0.12873829175044238,0.12284268119466163,0.11746788195337264,0.11216717804455834,0.10695230329744237,0.1017727560510805,0.0967372727936196,0.09183465612928127,0.08709017952590281,0.08207928857994157,0.07725078335342375,0.07265055283142993,0.06826577591740354,0.0640818576855697,0.060089413150801095,0.056283049659051364,0.05265932141363608,0.04921525190809812,0.04594757572183797,0.0428524918599735,0.03992567185381587,0.03716234685377739,0.03455739425718414,0.0321054057749105,0.02980074284138845,0.02763758773867859,0.025609994339910354,0.02371193842062242,0.021937365849001394,0.020280236987633798,0.018734566293214037,0.017294456757555275,0.015954129277088964,0.014707947271669929,0.01355043696491628,0.01247630375092823,0.011480445048380993,0.010557960007137877,0.00970415639740007,0.008914554982413782,0.00818489165388057,0.007511117593061893,0.006889397707847832,0.006316107584584275,0.005787829181625443,0.00530134547850974,0.004853634280060353,0.004441861358718111,0.004063373101390127,0.003715688809509559,0.0033964927833259793,0.0031036263041183017,0.0028350796114137134,0.0025889839567006944,0.0023636038007581847,0.0021573292087268617,0.0019686684854938355,0.0017962410838604636,0.0016387708092761516,0.0014950793375726051,0.0013640800560193555,0.0012447722330222264,0.0011362355177735215,0.0010376247680073851,0.000948165201592282,0.0008671478658898986,0.0007939254175222647,0.000727908204325126,0.0006685606407467457,0.0006153978677107181,0.000567982687943545,0.0005259227679272332,0.0004888680979373275,0.00045650870203827463,0.0004285725904076925,0.0004048239469307796,0.0003850615456315442,0.0003691173901775606,0.0003568555714007423,0.0003481713385110347,0.00034299038043708184,0.00034126831450281093
141,0.0003368682215400881,0.00033854312874084195,0.0003435818317740792,0.0003520263655677218,0.00036394709073746376,0.0003794431481898352,0.00039864309756115193,0.000421705741477827,0.00044882113817798193,0.00048021180557963845,0.0005161341204153963,0.0005568799165759297,0.0006027782873133591,0.000654197596448866,0.0007115477042046257,0.0007752824137351433,0.0008459021448629989,0.0009239568419224373,0.0010100491229721158,0.0011048376779430073,0.0012090409235216617,0.0013234409227096426,0.001448887577016363,0.0015863030990950467,0.0017366867732687228,0.0019011200107493693,0.0020807717053447296,0.0022769038939676736,0.002490877724177936,0.002724159728127043,0.0029783283984349184,0.003255081056445391,0.003556240996683205,0.0038837648828184725,0.004239750359657462,0.004626443832245543,0.005046248346768243,0.005501731488381253,0.005995633188430212,0.00653087330811284,0.00711055883829438,0.0077379905271917826,0.008416668720704724,0.009150298176272784,0.009942791592224536,0.01079827158215696,0.01172107081857067,0.012715730071287465,0.013786993872670307,0.014939803552088921,0.01617928739773526,0.017510747732783404,0.01893964475537147,0.020471577126626676,0.022112259557472154,0.023867498115667286,0.025743164706101912,0.027745173152556014,0.029879460356075787,0.032151976742245465,0.03456869013690863,0.037135606146393184,0.03985880721521534,0.04274451628335604,0.04579921521713397,0.04902997994647647,0.05244586923435031,0.05606278886110881,0.059905721500236264,0.06394226769432267,0.06792642248925608,0.07192273030053453,0.07601619125388029,0.08025683841473212,0.08464315366176717,0.08914800152767186,0.09373073166601552,0.09831522452981689,0.10276426877960876,0.10714498951478252,0.11148386727752009,0.1158508650977732,0.12032380986879909,0.1249619488207636,0.1297410986756254,0.13414146900638824,0.13807207815088812,0.14208834127094497,0.14583324317948176,0.14971093025593885,0.15363036281879722,0.15698044477416795,0.16009986159284467,0.16313556516455702,0.16618216886588358,0.16935239565488666,0.17253619048633462,0.17373458286161844,0.1751985910809124,0.17504995586414843,0.1748477438324045,0.17366505510107394,0.1727664641024617,0.17216933373168875,0.17243327962833804,0.16857119173886054,0.16578173367031185,0.16352612449368345,0.16065703468022116,0.1574462107924261,0.15444548993387827,0.1515314562138673,0.14801426589967429,0.14458132786151176,0.14044152632743717,0.13581080969289555,0.13131963496765683,0.1274280829501293,0.1221098139380011,0.1173750577149046,0.11245780319218215,0.10767969801473823,0.10303278518524944,0.09849555687570363,0.09364969584609993,0.08893748441995582,0.08438102440341998,0.07993707426452028,0.07550415132735792,0.07118698867485092,0.06703122443169274,0.06304725832518406,0.05923429471095577,0.05558962085633721,0.052110858590619244,0.04879589543521967,0.0456424236700156,0.04264766808622189,0.03980833623726762,0.03712067984975073,0.03458057663925007,0.0321835959987105,0.029925047368488833,0.027800021136769517,0.02580342969323346,0.023930051015727906,0.022174573646226,0.020531640762133294,0.018995891347162865,0.017561997242868523,0.016224695578545886,0.014978816562632056,0.013819306886395245,0.012741249107591245,0.011739877410513733,0.010810590123310208,0.009948959340475924,0.00915073796297866,0.008411864437513817,0.007728465452024217,0.00709685682618958,0.006513542821286282,0.005975214081687941,0.0054787444087594775,0.005021186555993455,0.004599767221473196,0.00421188140004291,0.0038550862430928204,0.003527094558932209,0.0032257680716783216,0.0029491105417810363,0.0026952608370403638,0.0024624860295097413,0.002249174581203958,0.002053829670175771,0.0018750626983603342,0.0017115870136312783,0.0015622118707431544,0.001425836649195813,0.0013014453404668305,0.0011881013124230128,0.0010849423549383018,0.0009911760077085082,0.000906075168861735,0.000828973981122133,0.0007592639909071552,0.000696390574747918,0.0006398496267516128,0.0005891845004169818,0.0005439831979204708,0.0005038757999718724,0.00046853212946131116,0.0004376596423576824,0.0004110015396506743,0.00038833509453701967,0.0003694701895227277,0.0003542480586354711,0.00034254023050580293,0.000334247668674706,0.00032930010611149246,0.0003276555715744454
142,0.0003227927658459199,0.00032438819648261246,0.00032918766803192507,0.0003372308031014801,0.00034858391857781794,0.0003633404452783926,0.00038162151714154835,0.0004035767316193934,0.00042938508339690094,0.00045925607400640534,0.0004934310003374706,0.0005321844254554911,0.0005758258355359265,0.0006247014870921334,0.0006791964490202524,0.000739736844300663,0.000806792296477058,0.0008808785862743773,0.0009625605239064624,0.0010524550427509455,0.0011512345201160228,0.0012596303307696268,0.0013784366387176953,0.0015085144323681596,0.0016507958076540732,0.0018062885028535753,0.001976080687660962,0.002161346007437852,0.002363348881388598,0.002583450050514186,0.0028231123674261676,0.0030839068152332654,0.003367518736499194,0.003675754245431701,0.004010546786704709,0.004373963792354963,0.004768213373805527,0.005195650969144474,0.005658785846420005,0.00616028734227775,0.00670299069249143,0.007289902287940327,0.007924204167828965,0.008609257543095826,0.009348605128646569,0.010145972054530052,0.011005265124018015,0.01193057019048171,0.012926147434166849,0.013996424334160807,0.015145986152481174,0.01637956378517151,0.017702018909867508,0.01911832650736812,0.0206335551117073,0.022252845614657422,0.023981390161935973,0.02582441358856926,0.0277871607145809,0.029874893108607678,0.03209289772274594,0.03444650608146893,0.0369411159902084,0.039582198952598666,0.04237526825920815,0.04532578386623794,0.04843904079558727,0.05172026035805116,0.05517264476776901,0.05877484521786458,0.062435764903815624,0.0661434944010679,0.06993716565463515,0.07384556162373775,0.07786194513071087,0.0819597180703589,0.08611322447748712,0.09028470408601955,0.09442388908516651,0.09850759758619175,0.10246539341614404,0.10643542659040556,0.11049992991524779,0.11469522984284249,0.11899825442674575,0.12324608762513593,0.1270804064245794,0.1313874327310432,0.13419694795966478,0.1375551662968322,0.1410913290409067,0.14419092023722288,0.14699000297248485,0.14966187870569253,0.15223806325381545,0.15484459651626753,0.15741008720114938,0.15938770085088383,0.15954707686857825,0.1595333854473454,0.15916536110868434,0.15861202556718546,0.15803163358651767,0.15702230638585438,0.1558954704443272,0.15367588036191793,0.1515713418910746,0.15000167282364174,0.14673385742274847,0.14379448855051102,0.14108231755205425,0.13887077479214455,0.13519062292880174,0.1323647319462094,0.12790171912378895,0.12371918292510356,0.11966342687397583,0.115692207571131,0.11136401677852675,0.107081659456503,0.1027885705867137,0.09859065506334705,0.09459993324126428,0.09113246209979328,0.0861368816425331,0.08168340311501927,0.07746872089923737,0.07339052614521879,0.06940025728285679,0.06551873146759607,0.06176745892611417,0.05815716198634498,0.054691861645283474,0.05137276250787386,0.04819991543005343,0.045172625312073035,0.04228948683526621,0.03954842322909134,0.036946786144713584,0.03448147154901464,0.032149013085795826,0.0299456451504808,0.027867346194031035,0.02590987517433002,0.02406880885823124,0.022339581991234148,0.020717529059122643,0.01919792540138075,0.01777602576749621,0.016447099142235858,0.015206459336191377,0.014049491297787505,0.012971673363827898,0.011968595785265417,0.011035975898853924,0.010169670304146028,0.009365684374850181,0.00862017939883697,0.007929477609578238,0.007290065346192254,0.0066985945594694295,0.0061518828659004425,0.005646912339145993,0.005180827217115664,0.004750930691831648,0.004354680937951339,0.0039896865239798535,0.0036537013378403413,0.003344619145758336,0.0030604678906028925,0.00279940382317735,0.002559705547716215,0.0023397680512352442,0.0021380967755655505,0.0019533017809958333,0.0017840920415174441,0.001629269903739659,0.0014877257346056247,0.0013584327770526745,0.0012404422276631666,0.0011328785460690068,0.0010349350023226797,0.000945869465545619,0.000865000434828587,0.00079170331151033,0.0007254069105283713,0.0006655902074551279,0.0006117793170469754,0.0005635446985946475,0.0005204985830288195,0.00048229261656996836,0.00044861571568753894,0.0004191921282260694,0.00039377969574547195,0.00037216831239290764,0.00035417857596122204,0.00033966062718255224,0.0003284931737460582,0.0003205826960076259,0.00031586283186970504,0.0003142939388447135
143,0.0003090293154219558,0.0003105475835384737,0.00031511479780024044,0.0003227682650903193,0.0003335704209022275,0.00034760921607192795,0.0003649986595950328,0.00038587951890692676,0.0004104201793763278,0.0004388176651202967,0.00047129882358771987,0.000508121676675718,0.0005495769414360995,0.0005959897236935146,0.0006477213881295851,0.0007051716085834765,0.0007687806024736078,0.0008390315533503104,0.0009164532256360747,0.0010016227755865028,0.0010951687623955912,0.001197774363153219,0.001310180795014612,0.0014331909474278766,0.0015676732265441798,0.001714565612952812,0.0018748799325737473,0.0020497063388210724,0.002240218001920188,0.0024476759983962796,0.0026734343901023807,0.0029189454775473737,0.003185765206517179,0.003475558699837275,0.003790105877377072,0.004131307116841071,0.004501188895378209,0.004901909337525779,0.005335763578612044,0.005805188834829096,0.006312769052396573,0.0068612389895150675,0.007453487567369452,0.008092560311652742,0.008781660695259343,0.00952415018696487,0.010323546810569592,0.011183522024060203,0.012107895738517598,0.013100629312171085,0.01416581637920438,0.015307671414328768,0.016530516011022185,0.017838762995388124,0.019236898754635818,0.02072946458007076,0.022321038434284866,0.024016219281177045,0.0258196166805814,0.02773584808915367,0.029769544085488743,0.03192535605640638,0.034207950498581934,0.036621958979141875,0.0391718342186224,0.04186154014710946,0.0446939724866235,0.04766995450159192,0.050786230063139357,0.05402951324971779,0.05736798542685739,0.060786483436807044,0.06429784156363898,0.06790838687248144,0.07159666871344846,0.07532413765142307,0.07909857585859784,0.08292479484148618,0.08680183761348362,0.09069069157911593,0.09416617525749148,0.09769539441295849,0.10135233039362329,0.10516152941223667,0.1091809516643498,0.1136636611265295,0.11654579481937909,0.11988979199429994,0.12299180155240935,0.1262865176468313,0.13014850882519502,0.13245748686467626,0.13486686961329328,0.13726574896409066,0.13930864687776706,0.1414813792625078,0.14402190490475797,0.14467483512268758,0.14507756325588217,0.14523237837638495,0.1450304318663215,0.14476518470440275,0.14481217372080732,0.14309925083689506,0.14160381595810706,0.13982094621916458,0.13794496155571828,0.13600377880007794,0.13352585736171746,0.1309431009473071,0.1283391058374036,0.12571832419134965,0.12272490967213162,0.11968108988176286,0.11613878997028716,0.1125156146072579,0.10888361081891733,0.10522412594884939,0.10144314315709166,0.09763485781106938,0.09382831595962528,0.09007197667518865,0.0863989822107158,0.08277751068744463,0.07877503483645715,0.07484446346206405,0.07103684376138154,0.06734042277262815,0.06374128092239319,0.06024383187610998,0.05685755684750647,0.05359009071300598,0.05044634582083762,0.047429242349432965,0.04454029684913117,0.04177990171960895,0.03914749110901235,0.03664170690537541,0.0342605689521746,0.03200161931856977,0.029862024789899508,0.027838643113625012,0.02592806813978074,0.0241266673426328,0.022430619120397885,0.02083595187520184,0.019338583924826014,0.0179343624266909,0.01661909974087874,0.015388606259035686,0.014238719285539218,0.013165327949600658,0.012164394355002366,0.011231971281732152,0.010364216785732457,0.00955740603348008,0.008807940679929903,0.008112356065211001,0.007467326474567089,0.006869668680273297,0.006316343963945519,0.005804458801809462,0.005331264382720557,0.004894155117712728,0.004490666289602043,0.004118470981037561,0.0037753764090489453,0.0034593197834996863,0.00316836379598441,0.0029006918347660266,0.0026546030105281684,0.0024285070672165976,0.0022209192422351512,0.002030455130888371,0.001855825601326458,0.0016958317984115615,0.001549360267914877,0.0014153782262683427,0.0012929289957053032,0.0011811276199858178,0.0010791566719567478,0.0009862622608797398,0.0009017502447045468,0.0008249826502040589,0.0007553743020573345,0.0006923896605087367,0.0006355398660915353,0.0005843799890355145,0.000538506480338795,0.0004975548210384979,0.00046119736593267527,0.00042914137786140337,0.00040112724862657656,0.0003769269026996584,0.0003563423800193294,0.0003392045944038169,0.0003253722643848078,0.00031473101360179586,0.00030719263826918693,0.0003026945396360173,0.00030119931979286226
144,0.00029559046706662147,0.00029703393310346373,0.00030137600342743293,0.0003086517656732088,0.0003189199360439547,0.00033226321510204486,0.00034878878701431493,0.000368628963373494,0.00039194197301442026,0.0004189128995231461,0.00044975476839542294,0.0004847097860346288,0.0005240507329842227,0.000568082513962326,0.0006171438674017439,0.0006716092372926587,0.0007318908101715176,0.0007984407200910083,0.0008717534243334427,0.0009523682524818122,0.0010408721312246047,0.001137902486923513,0.00124415032749374,0.001360363504504864,0.0014873501555686386,0.0016259823259920012,0.0017771997672810583,0.0019420139083139612,0.0021215119927709665,0.002316861373614907,0.0025293139519322137,0.002760210743132084,0.003010986548201354,0.003283174701256873,0.003578411856859834,0.0038984427713139964,0.004245125021371481,0.004620433591417308,0.005026465246438348,0.00546544259323215,0.005939717716928757,0.006451775264770437,0.007004234835204767,0.007599852518784653,0.008241521429174045,0.008932271058536917,0.009675265292163625,0.010473798922406507,0.011331292511831681,0.012251285470673407,0.013237427237180055,0.014293466488767233,0.015423238381890542,0.016630649943847525,0.017919663954198337,0.01929428199101609,0.020758527782772044,0.022316432512257928,0.0239720239693061,0.0257293207880448,0.027592330303813386,0.029565042369006825,0.031651400724419416,0.033855219076886676,0.036179995201431045,0.038628570600539716,0.04120259296369145,0.04390177338547453,0.04672300061814971,0.04965944275914605,0.052700959161078094,0.055843249932602354,0.05909278840719971,0.06244576565268785,0.06585651639197346,0.06921454963743243,0.0726149082640574,0.07611195729727026,0.07978825815732844,0.08393624746987259,0.08649457198109267,0.08954312797107691,0.0928023730825439,0.09619950853341194,0.09970731162445595,0.10325338050951328,0.10637505177413062,0.1094771961047377,0.11251953962268814,0.11563899630503967,0.11913253261534114,0.12118742444200852,0.12344465839757401,0.12612545445120477,0.12721632934588412,0.12874538407295935,0.13029073988582934,0.1312247094202789,0.13185293628878467,0.1322439851667844,0.1320017791443744,0.1316258983015384,0.13111598509232714,0.1299807262505691,0.12863243493224266,0.1270783162917059,0.1253707566423238,0.12349854274957289,0.12135837547887487,0.11905242257146148,0.11663181711263577,0.11409692197251795,0.11138599811003502,0.10852763233812807,0.10545108266439565,0.10226668023637345,0.09902354873507942,0.09572646813004894,0.09236341446139135,0.08896711726585428,0.085564521485167,0.08218019675672386,0.07881932605483337,0.07544416870946546,0.07195901158445618,0.06848110845900118,0.06506948603487259,0.06174154526833986,0.05849983566175159,0.05534795290624443,0.0522916241032517,0.0493366881417605,0.04648796950346198,0.04374900039970564,0.041122044695597514,0.0386082046819837,0.036207576251949494,0.03391943434783595,0.03174241343147777,0.029674653413072242,0.027713902476699505,0.02585758545093264,0.024102852224334448,0.022446618077646502,0.020885602358782285,0.019416367416242038,0.018035357263559728,0.016738934683746532,0.015523415620975879,0.014385100146366504,0.013320299712547286,0.012325360720268085,0.0113966846041549,0.010530744733139263,0.00972410044732237,0.008973408543830773,0.008275432498293584,0.007627049677683196,0.007025256770901844,0.00646717363849652,0.005950045762798815,0.005471245463958729,0.005028272034652225,0.004618750935554808,0.004240432184060974,0.003891188059546559,0.003569010239341048,0.003272006470338683,0.0029983968718224744,0.002746509955690639,0.0025147784409951498,0.002301734930675559,0.0021060075097374988,0.0019263153160008714,0.001761464127015193,0.0016103419998653122,0.0014719149943973546,0.0013452230048846498,0.001229375720308549,0.0011235487292162122,0.0010269797814926648,0.0009389652162974686,0.0008588565628139958,0.0007860573182881579,0.0007200199060420072,0.0006602428146875951,0.000606267918593675,0.0005576779787326252,0.0005140943223223605,0.00047517469914748435,0.00044061131206919437,0.00041012901899196465,0.0003834837034275483,0.0003604608107669888,0.0003408740474250708,0.00032456424014691527,0.0003113983529527017,0.0003012686594345092,0.0002940920684006633,0.00028980960118014264,0.00028838601924544634
145,0.0002824871824434803,0.0002838582422396082,0.00028798238800346643,0.0002948925840838688,0.00030464398860220997,0.00031731428022263824,0.000333004116542824,0.00035183772499992216,0.00037396362741641656,0.0003995554995216491,0.0004288131669728769,0.00046196373956056683,0.0004992628854121574,0.0005409962471023232,0.0005874810016311811,0.0006390675662396177,0.0006961414519869371,0.0007591252669131087,0.000828480870437221,0.0009047116803944679,0.0009883651337725156,0.0010800353017574745,0.001180365659118653,0.0012900520072233958,0.0014098455490456686,0.001540556113374167,0.001683055523987924,0.0018382811077894338,0.0020072393336948474,0.0021910095713922446,0.0023907479557930445,0.0026076913390058578,0.0028431613068341417,0.0030985682310126442,0.0033754153215336973,0.0036753026353779942,0.003999930988708742,0.004351105709145016,0.004730740153245693,0.005140858902103311,0.005583600535433863,0.006061219872394034,0.006576089556344395,0.007130700851753326,0.0077276635151993815,0.0083697045995922,0.009059666051625559,0.009800500967178813,0.010595268377985315,0.011447126456125133,0.012359324043252122,0.013335190444718209,0.014378123485805678,0.015491575925372616,0.01667904048359195,0.01794403398375583,0.019290081423887984,0.020720701091347476,0.022239391847179844,0.02384962287468919,0.02555482358115311,0.02735836586887803,0.029263522222102493,0.03127337299008471,0.03339063164600256,0.03561737029476614,0.03795467507797438,0.040402355523240716,0.042958980871397906,0.04562271229257793,0.04839363365606058,0.051278370613186255,0.054292960599875914,0.05745140195783262,0.060706221612753394,0.06360674760046778,0.066586156936913,0.06968404646190009,0.07288696134538136,0.07613195692676222,0.07897064003192786,0.08184799670394292,0.08481337312976389,0.0878555418041097,0.09094700084531676,0.09402716927841014,0.09697794935606929,0.09988526296702643,0.1028015818372362,0.10585664159209102,0.10903262915517448,0.11071432903980533,0.11242434778325278,0.11422058953752338,0.11559270564086851,0.11690317706183795,0.11809140017297741,0.11900908450376703,0.11979572691181214,0.12081675022182713,0.12005118983039444,0.11957143408166995,0.11899620080006842,0.11802221690996599,0.1168044824308814,0.11540439281167013,0.1138466427856695,0.1121228497131176,0.1102082566082353,0.1081319736380187,0.10592079950373973,0.10358232819286535,0.10110887194831444,0.0985042740792736,0.09576714388711524,0.092935717422866,0.09003591265707916,0.08707859565391005,0.08407060557808935,0.08102996552197936,0.07797513389022526,0.07492061322377296,0.0718682817888377,0.06880146254390278,0.06570031767895149,0.06260579420950187,0.059555415872682496,0.05656838591215886,0.053652583161252855,0.050813150719990936,0.04805535818568559,0.04538446824890192,0.0428051331313451,0.04032103439583309,0.03793475923193998,0.035647826908129135,0.03346080783588001,0.03137348530335188,0.029385015461171615,0.027494058338478355,0.02569887336184123,0.023997386594046287,0.022387241040250902,0.020865839184216476,0.019430382789395566,0.018077911620214736,0.016805340884480234,0.015609496577833054,0.014487147967041304,0.013435036746347172,0.01244990270723483,0.011528505990416323,0.010667646128509563,0.00986417815610977,0.009115026083547464,0.008417194021371015,0.007767775219102283,0.007163959253720195,0.006603037576206367,0.006082407600960476,0.005599575503651869,0.0051521578777230116,0.0047378823874303045,0.004354587545046899,0.00400022173083683,0.0036728415660299578,0.0033706097408931902,0.0030917923919037446,0.00283475611392418,0.0025979646851897057,0.002379975574931595,0.0021794362956841303,0.0019950806548639332,0.0018257249531634292,0.0016702641707374067,0.0015276681761321746,0.0013969779874369128,0.0012773021102322757,0.0011678129725612024,0.0010677434733273885,0.0009763836572050468,0.0008930775262807507,0.0008172199962026131,0.0007482540025415217,0.0006856677613322117,0.000628992186319447,0.0005777984642502708,0.0005316957885942855,0.0004903292513108683,0.00045337789168923317,0.0004205529008416169,0.0003915959801119519,0.00036627785145508355,0.0003443969177301155,0.0003257780708229248,0.00031027164555595975,0.00029775251744808723,0.00028811934254446755,0.0002812939377379721,0.00027722080024189055,0.000275866765141426
146,0.00026972883452020696,0.0002710299088682171,0.00027494342402306,0.00028150031613543246,0.0002907523449543841,0.0003027723934347991,0.0003176548879010896,0.0003355163394614828,0.0003564960075388492,0.00038075668653556266,0.00040848561677702907,0.0004398955209768865,0.0004752257675319842,0.0005147436619824602,0.0005587458679566133,0.0006075599588563982,0.0006615461014211392,0.0007210988721273945,0.0007866492071333573,0.0008586664861466296,0.0009376607501721845,0.001024185052567627,0.0011188379421766196,0.0012222660765054418,0.001335166961923678,0.0014582918166733353,0.0015924485510193267,0.0017385048571178494,0.0018973913990581854,0.0020701050909783083,0.0022577124480862654,0.002461352991749916,0.0026822426854543452,0.0029216773732767013,0.003181036186509986,0.003461784877121922,0.003765479028846936,0.0040937670879288,0.004448393146000518,0.00483119939756347,0.005244128184395971,0.005689223529495207,0.006168632054445709,0.006684603167058222,0.007239488401327715,0.00783573978966226,0.008475907148166059,0.009162634159569905,0.00989865314526571,0.01068677842837124,0.011529898205597676,0.012430964870886916,0.01339298377549807,0.014419000478213567,0.01551208664821818,0.016675324939260917,0.01791179334004235,0.019224549641758612,0.02061661653817252,0.02209096706422483,0.023650507932105273,0.025298054181168934,0.027036282555642513,0.028867645736473442,0.03079423217368064,0.03281757955647266,0.03493850863616574,0.0371571442686847,0.039473416474268476,0.04188844875478611,0.04440734169355934,0.047044260892362966,0.04983316105894457,0.052862305403460944,0.056422977140103116,0.05843854238726544,0.06096300807015633,0.06368533683013308,0.06649459258596256,0.06930737739070804,0.07200631560523835,0.07468951596859799,0.07739972799887665,0.08014202240675375,0.08290138773248001,0.08564684555216648,0.08834271976394781,0.09101053549898515,0.09369518398571738,0.096507778170598,0.09969405784861138,0.10076290149603505,0.10215420364570224,0.10359378665491023,0.1048743688551792,0.10602306876250066,0.10701410205675008,0.10780443717460478,0.10842136438765748,0.10887057512085296,0.10875740837033909,0.10853632376501651,0.1081776955364084,0.10719078766116195,0.10602297317228132,0.10472872646879397,0.10330388335176936,0.10173455269364122,0.10001009431736438,0.09813999577015335,0.09613896786446546,0.09401649877642038,0.09177716889586435,0.08942777820494918,0.08697813000721612,0.0844469683054494,0.08185001385910083,0.07919840672213195,0.07650221761555111,0.0737742323964942,0.07102737874919829,0.06827202281630106,0.06551222870825214,0.06274495268529609,0.059969910843452136,0.057206937199940654,0.054478309508341496,0.05179892447512583,0.04917743611288065,0.04662000221217067,0.04413212151154222,0.04171889393221008,0.039384793682612,0.037133448982738335,0.0349675385705345,0.03288880116757466,0.03089812530362218,0.028995677605699106,0.027181032588831394,0.025453282298705113,0.02381112035370144,0.022252905073441718,0.02077670943267478,0.019380364186551736,0.018061497746575644,0.016817574085655262,0.015645928657892313,0.01454380185955199,0.01350836956929818,0.012536770497718668,0.011626130286187501,0.010773582457741302,0.009976286424883095,0.009231442809876506,0.00853630634691309,0.007888196626549736,0.00728450692204536,0.00672271131232127,0.006200370291880461,0.0057151350364889825,0.0052647504755012715,0.004847057307211096,0.00445999308188473,0.0041015924674129706,0.003769986804099231,0.0034634030474319155,0.003180162190395473,0.002918677249738984,0.0026774508935514026,0.002455072780483645,0.002250216674057318,0.0020616373887820845,0.0018881676183483535,0.0017287146900422387,0.0015822572838044048,0.0014478421490648093,0.001324580847655226,0.001211646546738303,0.0011082708817898878,0.0010137409062137637,0.0009273961411305857,0.0008486257362361725,0.0007768657503362589,0.0007115965582020213,0.0006523403887202768,0.0005986589979026843,0.0005501514791400305,0.0005064522121137017,0.00046722895098221234,0.000432181051824323,0.00040103783882240447,0.00037355710829319196,0.00034952376940283546,0.00032874862022589974,0.0003110672577119138,0.0002963391200976937,0.0002844466603394663,0.00027529464922713644,0.0002688096069758373,0.0002649393622596613,0.0002636527378520301
147,0.00025732325959280114,0.0002585567843714278,0.00026226700773011885,0.0002684829315061951,0.00027725307473689065,0.000288645747895185,0.0003027494373582369,0.0003196733006273422,0.0003395477729390158,0.000362525286006848,0.0003887810997086675,0.00041851424757868405,0.0004519485969750432,0.0004893340247647967,0.0005309477092956209,0.0005770955393012537,0.0006281136402094946,0.0006843700180809181,0.0007462663210951789,0.0008142397181105865,0.0008887648933402379,0.0009703561556008585,0.0010595696598821517,0.001157005738134934,0.0012633113351614316,0.001379182544281692,0.0015053672360111764,0.0016426677712749335,0.0017919437886549988,0.0019541150527643564,0.002130164348001037,0.002321140398592547,0.0025281607919249564,0.0027524148775968727,0.00299516660939187,0.0032577572913918772,0.0035416081827638916,0.003848222908402724,0.0041791896147354195,0.004536182801808215,0.004920964754599551,0.005335386488737115,0.005781388118909767,0.0062609985527368435,0.006776334409113689,0.007329598058393408,0.007923074682322557,0.008559128254410554,0.009240196346369745,0.009968783673709973,0.01074745430456762,0.011578822472770775,0.012465541963129817,0.013410294079784472,0.014415774272868515,0.015484677584993965,0.016619683168646482,0.017823438155031388,0.019098540973444114,0.020447523545280604,0.021872830206216245,0.023376788435473573,0.02496156292907646,0.026629082702199353,0.028380936797665547,0.030218257720243714,0.03214166230486798,0.034151393964837864,0.03624787387225536,0.03843284636771454,0.0407110977383257,0.04309223692836524,0.0455908223307437,0.048217777865420856,0.05092324105275332,0.053254372234913416,0.05563944165306248,0.05810557120862664,0.06061886376668332,0.06313609081481723,0.06561903535985515,0.06808823934176494,0.07056180667083568,0.07304328598872535,0.0755240756314122,0.07798755252731238,0.08041709426728759,0.08281148008337987,0.08517629740939472,0.08751031353035178,0.08972104012020124,0.0912525585252484,0.0926294022456977,0.09391402408569917,0.09506675123258577,0.09607686384561107,0.09692624711332302,0.09759602221533593,0.09808733978683426,0.09839571126296418,0.09847437680114624,0.09851227737153945,0.09883188522805958,0.0973607225759479,0.09616792329107351,0.09496396577584743,0.09366697729914616,0.09224830716802401,0.09069777715103136,0.08901826932337403,0.08721851926851093,0.08530731896968333,0.08329236797300782,0.08118228984672837,0.07898755860570458,0.07672071400288484,0.07439335284867094,0.07201562448885968,0.06959722789370613,0.06714832373717064,0.06467883116775434,0.06219730955865745,0.05970963800153186,0.057219234496148276,0.054731369041858616,0.05225829737561612,0.04981383762102434,0.047408955654647325,0.04505162384148672,0.042748162767423395,0.04050408128508333,0.03832428578760126,0.036213017268660296,0.034173746715962974,0.032209119016336704,0.03032096608855803,0.028510375950657675,0.026777790400434577,0.025123105622083988,0.023545760377068892,0.022044807419247907,0.02061897064117975,0.01926669265568265,0.017986176795427987,0.016775425842743406,0.015632278366588887,0.014554442714872273,0.013539528402952312,0.012585074637943016,0.011688575842247688,0.010847504182197449,0.010059329221995011,0.009321534897127164,0.008631634038672741,0.007987180689663505,0.007385780446556081,0.006825099041105668,0.0063028693564618436,0.005816897049950299,0.005365064935808961,0.004945336264883812,0.004555757024926412,0.004194457374219864,0.0038596523121924814,0.0035496416828778806,0.003262809600070675,0.0029976233764661383,0.0027526320327464636,0.0025264644563778877,0.002317827273781761,0.002125502493558657,0.0019483449726249748,0.0017852797515232146,0.0016352992998453996,0.0014974607077101207,0.0013708828545912727,0.0012547435825313084,0.0011482768968918977,0.0010507702142976973,0.0009615616743033364,0.0008800375285420922,0.0008056296186751059,0.0007378129523277073,0.0006761033843486898,0.0006200554091332405,0.0005692600683855849,0.0005233429775393867,0.0004819624730804154,0.0004448078822066819,0.0004115979155977379,0.00038207918353063254,0.00035602483516028883,0.00033323332046356145,0.00031352727411708214,0.00029675252042847154,0.0002827771983588875,0.00027149100565325955,0.0002628045611246892,0.00025664888421361763,0.00025297499105316303,0.00025175360641246545
148,0.0002452768142094179,0.00024644523111138164,0.000249959518433736,0.0002558468360864197,0.0002641526175114547,0.0002749408202681668,0.0002882942772381928,0.0003043151488164559,0.00032312547653105903,0.0003448678385909664,0.00036970610789078005,0.0003978263130022445,0.00042943760264758186,0.000464773314075538,0.0005040921456420241,0.0005476794337280637,0.0005958485339025257,0.0006489423059492941,0.000707334702020662,0.000771432456742265,0.0008416768775697174,0.0009185457330713487,0.001002555236070871,0.0010942621177114124,0.0011942657874778589,0.001303210573013674,0.001421788032162798,0.0015507393280234515,0.001690857655880322,0.0018429907086412762,0.0020080431647968924,0.0021869791798956283,0.0023808248590344106,0.002590670683858973,0.0028176738630167875,0.003063060569894837,0.003328128025823048,0.003614246380794222,0.003922860337261382,0.00425549045590813,0.004613734075699994,0.004999265774328691,0.00541383728970712,0.0058592768188090285,0.006337487607166094,0.006850445740921044,0.007400197053531783,0.007988853060947093,0.008618585842218626,0.009291621787123512,0.010010234138916618,0.010776734269971736,0.011593461642779902,0.01246277243099591,0.013387026806459267,0.014368574935143954,0.015409741751530048,0.01651281055182921,0.017680005264344278,0.018913470750153507,0.020215249442793362,0.021587250957133024,0.023031209475133825,0.02454862367547192,0.026140680010275516,0.027808178614467046,0.0295515162705341,0.031370823591466826,0.03326636486643136,0.03523920878661631,0.03729185843276013,0.03942788016392672,0.041648417814163924,0.04394134116033594,0.04625636501631745,0.048481021009015475,0.050704581748676904,0.05295621720227974,0.05522932220188017,0.05750588866740864,0.05977117333561392,0.062027816684210764,0.06428091052521182,0.06653004222881422,0.068768085084562,0.07098277495340455,0.07315994413213778,0.07528705529498753,0.07734915269237043,0.07931713306163929,0.08111711856607416,0.0826117389430585,0.08391767063727101,0.08508574408474583,0.08611792746825934,0.08700781859547327,0.08774439607820875,0.08831753214039226,0.08872507045592844,0.08896832588909441,0.08904860699749259,0.08900428136405564,0.08880450086168784,0.08800924081941838,0.08706353903403907,0.08601667244942793,0.08486267970524816,0.08359357603382012,0.08220623775323932,0.08070335717956843,0.07909142155359511,0.07737822717955034,0.07557188169951458,0.07368112320147424,0.07171551364825872,0.0696850910051548,0.06759949708724435,0.06546779254146125,0.06329870649101127,0.06110084631115051,0.05888249498321901,0.05665124080741493,0.054413619247532075,0.05217538566141036,0.04994311542652153,0.0477257133710121,0.04553268186332367,0.04337240142095215,0.041251851286625604,0.039176980262318264,0.03715300957149183,0.03518453327646431,0.033275500891058706,0.03142917078492342,0.029648086317125403,0.02793409321461885,0.026288392969360197,0.024711615843939095,0.023203897193817984,0.02176494701031498,0.02039410936802116,0.01909041279299768,0.017852614081778673,0.016679237819692185,0.015568612937035941,0.014518906821839407,0.013528157022415508,0.012594300391230034,0.011715199526191367,0.010888666450432108,0.01011248357087363,0.009384422037716035,0.008702257681461318,0.008063784732208142,0.007466827533382834,0.006909250455484433,0.006388966200842262,0.005903942672443198,0.005452208561691831,0.0050318577932931124,0.004641052951052733,0.004278027796363135,0.003941088981193437,0.0036286170490826544,0.0033390668104867423,0.0030709671724548212,0.002822920496710706,0.0025936015545949187,0.0023817561418691706,0.0021861994110556867,0.0020058139737783114,0.0018395478205181265,0.0016864121003320554,0.001545478798448761,0.0014158783452874698,0.0012967971863689105,0.0011874753388207773,0.0010872039567309435,0.0009953229244696346,0.0009112184942798669,0.0008343209819111118,0.0007641025318283185,0.0007000749615485129,0.0006417876929204189,0.00058882577664876,0.0005408080150542291,0.000497385186933486,0.0004582383774230021,0.0004230774149594241,0.0003916394167520118,0.00036368744362563765,0.0003390092646430324,0.0003174162315608593,0.0002987422629051977,0.0002828429372584525,0.000269594695222642,0.0002588941494551361,0.00025065750215444015,0.00024482006939813625,0.00024133591179554715,0.00024017757100724458
149,0.0002335944363199813,0.00023470018418754644,0.0002380258820992188,0.00024359693866095932,0.00025145585385087866,0.00026166244760245734,0.00027429418007464916,0.000289446563843059,0.0003072336682855962,0.0003277887164544503,0.00035126477471930596,0.0003778355354297566,0.00040769619277318677,0.0004410644118931418,0.0004781813911773993,0.0005193130174193162,0.0005647511132949206,0.0006148147762754587,0.0006698518077038471,0.0007302402302959412,0.0007963898917747959,0.0008687441516978046,0.0009477816477806328,0.0010340181371439662,0.0011280084068924878,0.001230348247260534,0.0013416764792026398,0.001462677026743254,0.0015940810225983652,0.001736668933509446,0.0018912726893513686,0.0020587777973542897,0.0022401254196801226,0.002436314389087807,0.002648403133489822,0.002877511475844553,0.0031248222710708253,0.003391582836572504,0.003679106127626207,0.003988771603466104,0.004322025724596851,0.004680382016918665,0.0050654206339156415,0.005478787344684406,0.005922191873155108,0.006397405512575289,0.006906257939162635,0.0074506331496449005,0.008032464448997764,0.008653728416920848,0.009316437784508348,0.010022633156522572,0.010774373520277217,0.011573725489882303,0.012422751243838286,0.013323495120521639,0.014277968827526681,0.015288135167994663,0.016355890032755338,0.01748304205970618,0.018671288720839882,0.01992218666888773,0.02123711336271325,0.022617217592100485,0.024063361194897166,0.025576066514431103,0.027155505007047796,0.028801582275843556,0.030514161943250306,0.03229336700208178,0.03413964196725369,0.03605285920179584,0.03802939956535563,0.0400564643461011,0.04210599275620878,0.044142762238300194,0.04618198744126396,0.0482338061674269,0.050296206306859506,0.052361389461456645,0.05442252230712187,0.056478010073120234,0.05852738885464678,0.060567450061845274,0.0625906454753089,0.06458494349029123,0.06653444088789641,0.06842033820441673,0.07022117799118043,0.07191132512795469,0.07345275858916844,0.07480583687319968,0.07599730296167535,0.07704989304805801,0.07796938878745951,0.0787531771642474,0.07939504869332087,0.0798892183752187,0.08023352968817832,0.08042873650281614,0.08047572412981935,0.08037296181618357,0.08008221315343372,0.07950366387663862,0.07874231990701396,0.07784702031131896,0.07683384157666469,0.0757080176311779,0.07447270950425962,0.07313227816391477,0.07169278141961738,0.070161367181875,0.06854577368908263,0.066854207843854,0.06509524151736329,0.06327753575772939,0.0614095182088887,0.05949928209299489,0.057554631275738316,0.055583127521719344,0.0535920399425065,0.051588252899837816,0.04957821496272559,0.04756811301422162,0.0455644127689116,0.043574268804885144,0.04160495963923407,0.039663248933804525,0.03775518037567759,0.035886126830644106,0.034060866124935744,0.032283607590589965,0.03055797817386117,0.02888699873816871,0.027273075800793353,0.02571801924898456,0.0242230831123539,0.022789019628168834,0.021416136688618956,0.02010435226366449,0.0188532433283891,0.017662089420467746,0.016529911959582526,0.015455510422220362,0.014437496028756918,0.013474323178026682,0.012564318611341942,0.011705708199811949,0.010896641266669413,0.010135212421648429,0.009419480958042034,0.008747487924535962,0.008117271025888254,0.007526877529031223,0.006974375357772183,0.006457862554658198,0.0059754752772288285,0.005525394481419762,0.005105851429833467,0.004715132148491356,0.004351580943255842,0.004013603076536066,0.003699666696011616,0.003408304099610899,0.0031381124145145106,0.0028877537622025995,0.0026559549762799673,0.0024415069348204532,0.00224326356416844,0.002060140566470329,0.0018911139186711225,0.0017352181863135052,0.001591544691243769,0.001459239568288815,0.0013375017421475,0.0012255808521585564,0.0011227751492804733,0.0010284293865532887,0.0009419327215093539,0.0008627166464554158,0.0007902529602534167,0.0007240517931706118,0.0006636596945372962,0.0006086577913276594,0.0005586600243506109,0.0005133114674873085,0.000472286734325503,0.0004352884756032201,0.0004020459700721095,0.0003723138107112688,0.00034587068765369155,0.0003225182687187648,0.00030208017806535254,0.00028440107318158134,0.0002693458202007873,0.00025679876737002254,0.0002466631163903609,0.00023886039128968482,0.00023333000447166153,0.00023002891960248153,0.00022893141104307193
150,0.00022227970999447188,0.00022332521676976527,0.00022646963853573538,0.0002317367212224115,0.00023916618010087147,0.00024881390793892735,0.00026075226655920396,0.00027507046192067953,0.00029187500285214325,0.00031129024355300256,0.0003334590099389072,0.000358543309842164,0.00038672512697527294,0.00041820729842539976,0.0004532144752633563,0.0004919941656176147,0.0005348178592766904,0.0005819822325361174,0.0006338104315929528,0.0006906534323043027,0.0007528914735589517,0.0008209355608539014,0.0008952290359102596,0.0009762492072937248,0.001064509036010222,0.001160558868911396,0.001264988211449614,0.0013784275298474571,0.0015015500710696293,0.0016350736870810523,0.001779762647717744,0.0019364294240612405,0.002105936421469638,0.0022891976383611207,0.0024871802234614276,0.0027009059005223585,0.0029314522255227573,0.003179953637132253,0.003447602256839842,0.0037356483907477218,0.004045400680761957,0.004378225848955973,0.004735547975426659,0.00511884724717245,0.005529658113511599,0.005969566782356734,0.006440207991192416,0.0069432609866862,0.00748044464724872,0.008053511683283129,0.008664241850125222,0.009314434108655758,0.010005897668147018,0.010740441844658116,0.011519864664797454,0.01234594013518931,0.013220404074066928,0.014144938346043667,0.015121153224113941,0.016150567380737467,0.017234584644704284,0.0183744661903486,0.01957129652670286,0.020825942300290116,0.02213900597755717,0.02351078362544167,0.02494124697400483,0.02643007744670475,0.02797676332107115,0.02958069756782481,0.031241062368098926,0.0329561116075977,0.0347214852282582,0.03652786024707053,0.03836015346407026,0.04020329733460545,0.04205603259134352,0.04391885745883411,0.04578926034713947,0.04766275747009675,0.04953520380357002,0.05140399389827749,0.0532665938998864,0.05511854222319528,0.05695188453513549,0.05875382304115746,0.060505448657746576,0.062181871180692516,0.06375770314984619,0.06521952939862379,0.06655376688721243,0.06774887597513496,0.0688108841844102,0.06974763355041103,0.0705615245654383,0.07125058352979874,0.07181081207092828,0.07223843073156758,0.07253131751575784,0.07268860775793681,0.0727084416786996,0.0725839674550416,0.07229567146882093,0.07181911852695613,0.07118310456309691,0.07041415423307384,0.06952807568212502,0.0685338877484932,0.06743770966213777,0.06624515600700329,0.06496233726280903,0.06359598476271977,0.06215329596289077,0.060641786548889604,0.05906914209454271,0.05744303444665889,0.055770961730578286,0.05406017677933856,0.052317680318222065,0.05055023154492547,0.048764344061308106,0.04696628002900262,0.045162071950742254,0.04335761630539518,0.04155884787085125,0.039771834229346915,0.03800257814975279,0.036256770547326136,0.03453966228587166,0.032856029844818835,0.031210170114945424,0.029605890767658398,0.02804649249149173,0.026534753431692332,0.025072926754224602,0.023662755834966385,0.02230550473797923,0.021001998055683736,0.019752664132334077,0.01855757761952857,0.017416499509047743,0.01632891429499698,0.015294064573030865,0.014310983459224283,0.013378525043322691,0.012495392907004944,0.011660166630038866,0.010871326182682524,0.01012727413401572,0.009426355662298765,0.00876687641256,0.008147118295853026,0.007565353359018401,0.007019855873170404,0.0065089127959182674,0.006030832759927633,0.005583953732227727,0.0051666494775147965,0.0047773349466700595,0.0044144707001216995,0.004076566465228514,0.0037621839177850594,0.0034699387699937603,0.0031985022406176263,0.002946601977265324,0.002713022495626668,0.0024966051957722776,0.0022962480112115706,0.002110904742175972,0.0019395841205098337,0.001781348649592543,0.0016353132588848487,0.001500643809005125,0.0013765554797163248,0.0012623110698605923,0.0011572192351317827,0.001060632686637858,0.000971946370481735,0.0008905956460826094,0.0008160544786678242,0.0007478336592825316,0.0006854790637826777,0.0006285699605863852,0.0005767173754485835,0.000529562520182063,0.00048677529106311567,0.0004480528416197167,0.00041311823359333356,0.00038171916908085536,0.0003536268061903389,0.00032863465997337934,0.0003065575899186024,0.00028723087489628826,0.0002705093761252239,0.0002562667884817202,0.00024439498027992277,0.00023480342151499384,0.00022741870046964383,0.00022218412853325706,0.000219059433065085,0.00021802053814241228
151,0.0002113349330738678,0.0002123226083660854,0.0002152930115247849,0.00022026831223404976,0.00022728558610180674,0.00023639700388723074,0.00024767009646262556,0.00026118809553479745,0.00027705035013165374,0.00029537281882065247,0.0003162886375623704,0.00033994876301040737,0.00036652269094360977,0.00039619924935362213,0.000429187465505396,0.00046571750603568903,0.0005060416888497466,0.0005504355652139569,0.0005991990700166178,0.0006526577376738875,0.0007111639805866753,0.0007750984263991845,0.0008448713095624698,0.0009209239118572482,0.00100373004556835,0.0010937975719164173,0.0011916699461268635,0.0012979277791363624,0.0014131904043864062,0.0015381174364139728,0.0016734103060029454,0.0018198137544894668,0.0019781172674054877,0.002149156424988268,0.002333814144178969,0.0025330217835927583,0.0027477600795948564,0.002979059878111677,0.0032280026232174683,0.003495720559963623,0.003783396605480306,0.004092263839211794,0.004423604560379305,0.00477874885850612,0.005159072641148935,0.005565995061842089,0.006000975290572407,0.006465508568663334,0.006961121489484371,0.007489366445600846,0.008051815181518375,0.008650051388726206,0.009285662275886208,0.009960229041032746,0.010675316163135705,0.01143245941459627,0.012233152469125878,0.013078831932208641,0.013970860540204346,0.01491050814201232,0.015898929885753425,0.016937140820184063,0.018025986052335945,0.019166106093268485,0.020357898796031854,0.021601483065183377,0.0228966747515944,0.02424298736767264,0.02563965818618408,0.027085658110891194,0.028579568580445754,0.030119149074626327,0.031700510868361044,0.03331724194430222,0.03496058635984806,0.036622052505641184,0.038297198616268374,0.03998312424690689,0.041676639979928,0.0433742486520316,0.0450727627498454,0.04676952083309094,0.04846168677227432,0.05014508193554947,0.0518126465479761,0.053451911415842115,0.05504068961852378,0.05654267129049518,0.05791651336410082,0.05917343861987139,0.060321785742248606,0.06136183652538034,0.06229412577176102,0.06311901792215224,0.06383514664096755,0.06443959207268005,0.06492883434989702,0.06529974629510274,0.06555010049308779,0.06567816783620839,0.06568139898884869,0.06555463966718167,0.0652893062873807,0.064879173738723,0.0643342277837057,0.06366822174412673,0.06289264277617143,0.062016055166142905,0.06104514737067505,0.05998591596205635,0.05884440025702664,0.05762693572224812,0.05634014470288568,0.05499084318203079,0.05358592520790847,0.05213224166869393,0.050636501806821256,0.049105217835686304,0.04754468610670464,0.04596098773693419,0.044359995689281936,0.04274738894148586,0.0411286805437424,0.03950926510614373,0.03789447437905561,0.036289589626133274,0.034699760949839245,0.03312989935516929,0.031584597738792346,0.03006808515780258,0.028584198644973826,0.027136360601881307,0.025727559399832938,0.024360336988486858,0.023036787825616342,0.021758570461797577,0.020526929819138645,0.01934272647355387,0.01820646928181507,0.01711834873475069,0.016078269614861623,0.015085882396712774,0.014140613253346845,0.01324169264570204,0.012388182442937023,0.011579001468621303,0.010812949344438006,0.010088728517915011,0.009404964402125808,0.008760223607667154,0.00815303029810702,0.007581880742039517,0.007045256164779698,0.006541634020555657,0.006069497813590847,0.005627345596280099,0.005213697267375632,0.0048271007849788414,0.004466137399893532,0.004129426005678366,0.0038156266931898357,0.00352344358980918,0.0032516270569274263,0.0029989753135127696,0.0027643355485350496,0.0025466045804981696,0.0023447291181817216,0.0021577056728028466,0.0019845801681012843,0.0018244472912801353,0.0016764496242826247,0.001539776591548872,0.0014136632571841111,0.001297389001393458,0.001190276103111686,0.0010916882529913032,0.0010010290183176365,0.000917740279001301,0.0008413006515586993,0.0007712239159294493,0.0007070574580925635,0.0006483807397256005,0.0005948038045959939,0.0005459658299734507,0.00050153373009806,0.00046120081762159764,0.0004246855279503124,0.0003917302105472041,0.00036209999049158746,0.00033558170293500697,0.00031198290252709005,0.00029113094940478115,0.0002728721729360339,0.0002570711140771964,0.00024360984693504585,0.0002323873799130016,0.0002233191366599843,0.00021633651692338344,0.0002113865373284994,0.0002084315520596106,0.00020744905339656008
152,0.00020076118714264633,0.00020169341540973376,0.0002044969812601887,0.00020919256219026957,0.00021581473518562483,0.0002244121484439923,0.00023504776174909712,0.00024779915544007134,0.0002627589078793834,0.00028003504126185633,0.0002997515355236083,0.000322048909998406,0.0003470848723256588,0.0003750350339347707,0.0004060936912103611,0.00044047467117745004,0.00047841224023040734,0.000520162074059422,0.0005660022864983509,0.000616234514522623,0.0006711850560595519,0.0007312060566296377,0.0007966767401092435,0.0008680046780847921,0.0009456270913478505,0.001030012176049825,0.001121660445884139,0.0012211060803815504,0.0013289182679787539,0.0014457025309393473,0.0015721020174576737,0.0017087987443493255,0.0018565147716194117,0.0020160132878979035,0.002188099583244781,0.002373621883170543,0.002573472014917512,0.0027885858741476337,0.0030199436572440137,0.0032685698215342016,0.0035355327329747287,0.0038219439582958107,0.0041289571563828485,0.004457766521833892,0.004809604732202036,0.005185740349368173,0.005587474624674758,0.006016137656687293,0.0064730838494691184,0.00695968661774019,0.007477332282895287,0.00802741310020353,0.008611319352136187,0.009230430435009266,0.009886104854927951,0.010579669032702615,0.011312404793400854,0.012085535380810024,0.01290020978559327,0.013757485104272906,0.014658306557570134,0.015603484719438454,0.01659366953216073,0.01762932100889491,0.018710677476555634,0.019837724058349857,0.021010166419458614,0.022227415247662797,0.023488580087878918,0.024792450371009033,0.026137408716733125,0.027521205789279163,0.028940592606559144,0.030391012761312113,0.03186681167641697,0.03336230631036047,0.03487302269456826,0.03639531851125717,0.037925863840157836,0.039461575524725526,0.040999768804690445,0.042538190335904724,0.04407477330046641,0.04560716045211201,0.04713169497446113,0.04864045083025144,0.05011226438633028,0.051490312816611566,0.052659810157469344,0.05371220019954592,0.05468280084954269,0.0555751049479164,0.05638439555253474,0.05710524078427018,0.0577326563037778,0.05826213243185578,0.058689749027189195,0.05901236147643851,0.059227597593537434,0.05933347824174357,0.05932773181040853,0.05920721179369104,0.058968311428278325,0.05860970039468078,0.05813603972411636,0.057555001180866046,0.056874466882604224,0.056101443375793585,0.05524209038883122,0.0543021566268407,0.05328736065344075,0.05220356710692825,0.051056806478938836,0.0498532216793343,0.04859898912192417,0.047300236472203966,0.04596297412715984,0.044593050647281085,0.04319613172220767,0.041777696250678585,0.04034304299945537,0.03889730494389873,0.037445470038458654,0.0359924051237301,0.0345428735181446,0.03310152910581476,0.03167287592864115,0.030261212512077605,0.028870580990698454,0.027504727390058638,0.02616707100561963,0.024860680019644425,0.0235882531093391,0.022352108786858726,0.02115418407787959,0.019996042607456577,0.018878890567688076,0.017803598223851545,0.016770724658310122,0.015780543998541285,0.014833072016801186,0.013928092476967162,0.013065182879645927,0.012243739371705802,0.011463000620484925,0.010722070465941525,0.010019939185416899,0.00935550324225043,0.00872758343659395,0.008134941426596298,0.007576294633860025,0.007050329584392372,0.00655571376338934,0.0060911060792777525,0.005655166040910777,0.005246561753662735,0.004863976837469535,0.004506116364435173,0.004171711906893739,0.003859525779767774,0.003568354554298479,0.0032970319140397724,0.0030444309184959107,0.002809465734903622,0.002591092894315135,0.0023883121242106484,0.0022001668062495002,0.002025744104372359,0.0018641748052314836,0.0017146329098154814,0.001576335012130759,0.0014485394978994194,0.001330545593436211,0.0012216922921834785,0.0011213571838222464,0.0010289552084485618,0.000943937356014173,0.0008657893290846222,0.0007940301849684446,0.0007282109714188904,0.0006679133684028763,0.0006127483468675385,0.000562354854008372,0.0005163985332490071,0.000474570485975058,0.0004365860810165374,0.00040218381693816454,0.00037112424136749567,0.0003431889308601363,0.0003181795341624169,0.00029591688117799333,0.0002762401594692073,0.00025900615972020255,0.00024408859125039502,0.00023137746838776394,0.00022077856828551511,0.00021221296058705614,0.00020561660920711064,0.00020094004639547214,0.00019814811917872523,0.00019721980822867685
153,0.0001905584092399578,0.00019143754357821567,0.00019408135850012377,0.00019850912085416118,0.00020475304579790048,0.00021285845236398515,0.00022288398114685566,0.0002349018739876089,0.00024899831547509153,0.00026527383600384824,0.00028384377602981846,0.0003048388110386298,0.0003284055365848895,0.0003547071125699139,0.00038392396569570297,0.0004162545487604427,0.0004519161551411097,0.0004911457864374439,0.0005342010708241025,0.0005813612291694616,0.0006329280854253362,0.000689227117166581,0.0007506085414575262,0.0008174484304375064,0.0008901498501439091,0.000969144015121311,0.0010548914502919774,0.0011478831503785303,0.0012486417258659346,0.0013577225230592723,0.00147571470422888,0.0016032422721296085,0.0017409650213332248,0.0018895793968233651,0.0020498192381781526,0.002222456385421686,0.0024083011202874587,0.0026082024142412893,0.0028230479522081396,0.0030537638985969028,0.003301314369988783,0.003566700576817826,0.0038509595945872715,0.0041551627236701815,0.004480413395536922,0.004827844582281721,0.005198615665468557,0.005593908719399452,0.00601492416268316,0.006462875730162958,0.006938984714534576,0.00744447342301195,0.007980557788798229,0.008548439069420087,0.00914929455356263,0.00978426718410242,0.010454453986665637,0.011160893169421173,0.011904549730719156,0.012686299378136479,0.013506910531894827,0.014367024176100883,0.015267131377651351,0.016207548503391633,0.017188390661159493,0.018209544754568915,0.019270644533570542,0.020371050051869958,0.02150983067667637,0.022685741752367677,0.02389717218210955,0.025142037663435125,0.02641762924220775,0.02772051334202251,0.029046658811826498,0.030391877539154843,0.03175231126449306,0.033124497340207025,0.03450530962740767,0.0358919882737323,0.03728224749152325,0.03867441650301647,0.04006766306683342,0.041462478555162614,0.042861568387556816,0.04427045160957079,0.04569130603649457,0.04706897936076824,0.04795088706030701,0.048771221693350575,0.04956798524439776,0.050324179465146585,0.05102231010290205,0.05165007743251648,0.0521990048614369,0.05266298335525107,0.053037476948070095,0.053319128380407074,0.0535054617808564,0.05359452395936336,0.05358450537015456,0.0534735738637242,0.05326028206964071,0.052944752630095376,0.05252982035665935,0.052020253958695424,0.05142156126065627,0.05073925252045843,0.04997863421162357,0.04914489816447203,0.048243262933588923,0.047279051046759585,0.046257694429991295,0.045184696872825836,0.04406557789929015,0.04290581324692569,0.04171078305202078,0.04048573467373836,0.03923576177874882,0.037965797358942635,0.03668061688552293,0.035384848118466775,0.0340829841931814,0.03277939563754762,0.031478335359202386,0.030183930173333998,0.028900156564379706,0.02763080720765705,0.026379456290869532,0.02514942812296609,0.023943770342592978,0.02276523209019883,0.021616247904053778,0.02049892839507929,0.019415058326511275,0.01836610183097983,0.017353213675424937,0.016377255069064955,0.015438812523569835,0.014538218547745889,0.013675573295279544,0.012850766559737534,0.012063499689649829,0.01131330709654419,0.010599577085331265,0.009921571778011657,0.009278445943494307,0.00866926459257168,0.008093019245844334,0.007548642829561299,0.0070350231961504115,0.006551015300176341,0.0060954520856219795,0.005667154157053488,0.005264938316566105,0.004887625052002163,0.004534045061435735,0.004203044895808842,0.0038934917970640543,0.003604277804000116,0.00333432319293016,0.003082579315351624,0.0028480308903727552,0.0026296978055993874,0.0024266364765231935,0.0022379408110994037,0.002062742823087161,0.0019002129347893925,0.0017495600070269466,0.0016100311314856618,0.0014809112179698604,0.0013615224065766773,0.001251223332374188,0.0011494082678277946,0.001055506165980619,0.0009689796252615411,0.0008893237947749165,0.0008160652370233671,0.000748760763232265,0.000686996254782813,0.0006303854827197814,0.0005785689358784252,0.0005312126668702308,0.0004880071639754588,0.00044866625590769,0.00041292605543706914,0.0003805439469795535,0.00035129762247387126,0.0003249841691705871,0.00030141921234306905,0.0002804361153926523,0.00026188523935430065,0.0002456332634090038,0.00023156256766950216,0.00021957067922122108,0.0002095697821651145,0.0002014862922180853,0.00019526049627446087,0.00019084625721337508,0.00018821078414661078,0.0001873344682342922
154,0.0001807254647575502,0.00018155382128888433,0.00018404485986432093,0.00018821651558649462,0.0001940987741327303,0.0002017338124372649,0.0002111761954851156,0.00022249312904028745,0.00023576476805740556,0.000251084580435031,0.0002685597656570471,0.0002883117277317493,0.0003104766016727893,0.000335205832568067,0.00036266680604815383,0.0003930435286909819,0.0004265373565804179,0.00046336776986899387,0.0005037731907754644,0.0005480118419719114,0.0005963626417786333,0.0006491261319837415,0.000706625433433822,0.0007692072237976144,0.0008372427310816871,0.0009111287355706623,0.0009912885718696468,0.0010781731216381522,0.001172261786418063,0.0012740634286686836,0.0013841172677260514,0.0015029937158994946,0.0016312951383062333,0.0017696565183286063,0.0019187460087669765,0.00207926534686957,0.002251950109471097,0.0024375697824961153,0.0026369276171205602,0.0028508602429827214,0.0030802370070443573,0.0033259590050730165,0.003588957771287412,0.003870193590497816,0.004170653396069231,0.004491348216179761,0.0048333101300323325,0.005197588694744334,0.005585246802380834,0.005997355924774015,0.006434990701129947,0.00689922281970675,0.007391114139799703,0.007911708993633172,0.008462025599292015,0.009043046505361085,0.009655707975563994,0.010300888208043969,0.010979394270681987,0.011691947624387926,0.012439168106925825,0.013221556272111036,0.014039474044188593,0.014893123790034803,0.01578252617798973,0.016707497600432646,0.017667628368993903,0.018662262894144088,0.019690481732398266,0.020751081888836093,0.021842547251685957,0.022963001493997146,0.024110151381874882,0.025281261697255714,0.026473227150380314,0.027682766113222543,0.028906645681171864,0.030141803969562144,0.03138542025514875,0.032635003059234495,0.03388853039241986,0.035144698974198904,0.03640345266465416,0.037667264784344734,0.0389445963483425,0.040260519998479585,0.04169446720368166,0.04353289466247063,0.04370041202417206,0.044257626993567126,0.04490407701925045,0.045547734297251286,0.04615264773001117,0.046701088287763405,0.04718262141786397,0.0475903646222222,0.047919501030776926,0.04816659377058279,0.04832917701826202,0.04840543327078976,0.04839394885487761,0.04829364927284118,0.04810403205526931,0.04782566998128006,0.04746060843533016,0.04701213756484075,0.046484283144469486,0.0458813898245692,0.045207921584059965,0.04446842288756578,0.04366753670558285,0.04281001448603045,0.04190070100883871,0.040944499589916486,0.03994632703332057,0.03891106659026411,0.03784352591577463,0.03674840493784905,0.03563027558604184,0.034493572607036116,0.033342593035834235,0.03218150122775354,0.031014336046980902,0.02984501651745188,0.02867734219930976,0.027514985411464733,0.0263614747843841,0.025220172790224732,0.024094250959941492,0.02298666569927601,0.0219001365053007,0.020837127794829054,0.019799835360640602,0.018790178238767666,0.017809796310410048,0.016860053389771344,0.01594204507527405,0.015056610394545183,0.01420434625207711,0.0133856238096569,0.012600606098569599,0.011849266316010153,0.011131406372928,0.010446675340451336,0.009794587500790524,0.009174539758499342,0.008585828216165775,0.008027663766933169,0.007499186603535935,0.0069994795874052705,0.006527580459613852,0.006082492906525368,0.005663196516506948,0.00526865568031813,0.004897827497772294,0.004549668758244428,0.004223142063895481,0.003917221163300393,0.0036308955604863473,0.003363174460942271,0.003113090112446071,0.0028797005948728066,0.0026620921096494384,0.0024593808162658,0.002270714260234871,0.0020952724340873525,0.0019322685103462859,0.0017809492829200402,0.0016405953509474576,0.0015105210768081103,0.0013900743477627563,0.0012786361685106099,0.0011756201098419505,0.0010804716365308024,0.0009926673356582206,0.0009117140646875681,0.0008371480368341413,0.0007685338595866988,0.0007054635406509224,0.0006475554740964563,0.0005944534181006794,0.0005458254743934848,0.000501363078316836,0.0004607800073187881,0.00042381141470129155,0.00039021289453127563,0.00035975958280158333,0.0003322452991883281,0.00030748173308993795,0.0002852976770461121,0.0002655383101175694,0.0002480645333551488,0.00023275235909478252,0.00021949235547831042,0.0002081891473142264,0.00019876097415239265,0.00019113930624769086,0.0001852685189246437,0.00018110562572339994,0.0001786200706022853,0.0001777935793885616
155,0.0001712602210057311,0.00017204007384894585,0.00017438518374439252,0.0001783122302173231,0.00018384909720797695,0.00019103500006901548,0.00019992066315587236,0.0002105685477888658,0.00022305313028116733,0.0002374612296257998,0.000253892384314149,0.0002724592776144376,0.00029328821046763394,0.000316519620956777,0.0003423086490701176,0.0003708257452052399,0.0004022573205468851,0.0004368064370920064,0.00047469353468812043,0.0005161571919917726,0.0005614549177394195,0.0006108639681497875,0.0006646821856413581,0.0007232288533476713,0.0007868455591432845,0.0008558970620512505,0.0009307721529857642,0.0010118845007883346,0.0010996734734400192,0.0011946049231740604,0.0012971719229719013,0.0014078954406016374,0.0015273249349542883,0.0016560388579555045,0.0017946450437880542,0.00194378096556797,0.0021041138379945543,0.002276340542867598,0.0024611873527659598,0.0026594094266463772,0.0028717900496878727,0.0030991395884100424,0.003342294130957965,0.0036021137814796146,0.0038794805767041977,0.004175295992107966,0.004490478004334606,0.004825957675687513,0.005182675225365738,0.005561575550488794,0.005963603157660968,0.006389696462694078,0.0068407814120070454,0.007317764374080316,0.007821524243197708,0.008352903690791783,0.008912699492631532,0.009501651854112891,0.010120432653281455,0.010769632525504098,0.011449746730086093,0.012161159774689997,0.012904128837650906,0.013678766133423618,0.01448502052474698,0.015322658895395871,0.016191248006644635,0.017090137599273622,0.018018445056642064,0.01897504076465574,0.01995853192333715,0.020967243260107495,0.02199919938028872,0.02305212548871553,0.024123490520214525,0.02521060125837344,0.02631071889364757,0.02742115664469866,0.02853936262488785,0.029663010161265213,0.030790121139094535,0.031919265083971575,0.033049914212330916,0.03418308467048764,0.035322360908048744,0.036474600014579237,0.037643861198354195,0.03877746418911242,0.03942583204681588,0.04002644423866395,0.04062035567277318,0.041192738532036775,0.04172704163960631,0.04221108790453614,0.042636282312113,0.04299647219265273,0.04328719888499101,0.04350523845222889,0.043648288026380835,0.0437147250144375,0.04370343989725298,0.04361378750578893,0.043445690363861256,0.04319984686984693,0.042877879783758,0.04248225802340305,0.042016072146217456,0.041482810124631474,0.04088621146664112,0.040230196615264675,0.03951883453279368,0.03875631826589196,0.03794693564791721,0.03709503335813783,0.036204976897255096,0.03528111045785113,0.03432772090427645,0.03334900920598692,0.032349070942636476,0.03133188562716197,0.03030131317007072,0.029261094997114923,0.028214856982053754,0.02716611134206618,0.026118255011007133,0.02507456288979372,0.024038175762481913,0.02301208411669998,0.02199910981989515,0.021001887558037537,0.020022847594526397,0.0190642010804455,0.01812792887124305,0.017215774487644338,0.016329241472350653,0.015469595002877267,0.01463786731297392,0.013834866299976205,0.013061186647405947,0.012317222830013526,0.011603183445147283,0.010919106396349791,0.010264874527174292,0.009640231363385762,0.009044796673802613,0.00847808160836527,0.0079395032190081,0.007428398214846869,0.006944035846947145,0.006485629857857958,0.006052349465695093,0.00564332938091083,0.0052576788757393465,0.004894489942011414,0.00455284458337108,0.00423182129391101,0.0039305007779296295,0.003647970965875993,0.0033833313804005516,0.003135696904396092,0.0029042010004350833,0.002687998428373653,0.002486267505264968,0.0022982119491879076,0.0021230623461792916,0.0019600772771582887,0.0018085441395353636,0.001667779696087492,0.0015371303816410341,0.0014159723961228356,0.0013037116106131047,0.0011997833111587466,0.001103651803284733,0.0010148098983771452,0.0009327783014093686,0.0008571049178472258,0.000787364096004201,0.0007231558196282915,0.0006641048640906265,0.0006098599282151906,0.0005600927525402895,0.0005144972336364603,0.00047278854302225756,0.0004347022582179329,0.00039999351255599685,0.0003684361695250665,0.00033982202665675475,0.00031396005327182007,0.00029067566577817305,0.0002698100436561557,0.0002512194887720961,0.0002347748302256122,0.0002203608765554805,0.00020787591679894798,0.00019723127161593764,0.00018835089544835183,0.00018117103048127483,0.00017563991300290446,0.0001717175326190824,0.0001693754446618963,0.0001685966360355307
156,0.00016215962096361182,0.00016289319777322456,0.00016509908633183576,0.00016879278395004355,0.0001740001958499689,0.0001807577496042795,0.00018911255510945774,0.00019912260983785356,0.0002108570490199463,0.00022439644030003273,0.00023983312228191927,0.0002572715862327936,0.0002768289000399641,0.0002986351733132832,0.00032283406229254117,0.0003495833129506918,0.0003790553403772517,0.00041143784217847015,0.00044693444323882744,0.00048576536874910697,0.0005281681419168336,0.0005743983022325238,0.0006247301395673757,0.0006794574387223068,0.0007388942283324538,0.0008033755272534285,0.0008732580807142054,0.0009489210776153046,0.0010307668393793085,0.0011192214697238743,0.001214735453626381,0.0013177841925867476,0.0014288684620750983,0.001548514775780653,0.0016772756399671622,0.0018157296799018725,0.001964481618976789,0.0021241620898045906,0.0022954272552724395,0.0024789582163029615,0.0026754601819310017,0.002885661376281506,0.0031103116561437922,0.003350180812081259,0.003606056525372787,0.0038787419525059554,0.004169052908356251,0.004477814618486252,0.004805858010058733,0.005154015509543765,0.005523116313588851,0.005913981097022425,0.006327416118944652,0.006764206684289483,0.007225109914331115,0.007710846775806659,0.008222093315468349,0.00875947104637693,0.009323536436306047,0.009914769460358658,0.010533561203233052,0.011180200535893603,0.011854859950901433,0.012557580723564695,0.013288257673148115,0.014046623923764035,0.014832236184937298,0.01564446112843214,0.016482463331982673,0.01734519492878512,0.018231386754730267,0.01913954120778681,0.020067929341621618,0.021014598739170588,0.02197740078741898,0.022954040442915116,0.023942139469453505,0.024939299103755874,0.025943158728234182,0.026951454190862995,0.027962080405263757,0.028973157277275445,0.02998307059931677,0.030990360297017495,0.031993003159611934,0.032985651299938794,0.03395084063203432,0.03483671658537804,0.035534722798780866,0.03614336500670251,0.03670473098878183,0.037227042341266205,0.03770709122327823,0.03813910708616574,0.03851753071630296,0.03883771237484887,0.03909598786496481,0.039289585733156815,0.039416492977902604,0.039475320410307685,0.03946519864845237,0.03938573632792509,0.03923705377280135,0.03901986284542875,0.03873552114905606,0.0383859979960795,0.0379737690515382,0.03750169472782991,0.036972921818866425,0.03639081631394247,0.03575891715099839,0.03508089886914663,0.03436053597773575,0.033601666466666666,0.032808154752466664,0.03198385595887436,0.03113258405175166,0.030258086018320206,0.029364023240111534,0.02845395992865035,0.027531357401847898,0.02659957228277362,0.025661856411192965,0.02472135632397384,0.023781110552940122,0.022844043675004477,0.021912956919411766,0.020990515955779228,0.020079236987631956,0.01918147242165153,0.018299397306938664,0.01743499756719783,0.01659006082652079,0.0157661703617377,0.014964702420636234,0.014186826867785968,0.013433510900678092,0.012705525440097079,0.012003453736275548,0.011327701726132098,0.010678509702875538,0.010055964899043635,0.009460014627367409,0.008890479666937231,0.00834706762459535,0.007829386043751182,0.007336955074924544,0.0068692195635317805,0.00642556044948858,0.0060053054087486485,0.005607738697806832,0.0052321101877981935,0.004877643594959882,0.004543543929181588,0.004229004192768254,0.003933211368169011,0.0036553517371269704,0.00339461557525875,0.0031502012661486275,0.0029213188781674468,0.002707193245789106,0.002507066595443231,0.0023202007540804436,0.002145878976733793,0.0019834074274864425,0.0018321163464220087,0.0016913609333448465,0.0015605219773107389,0.0014390062592999887,0.0013262467536917233,0.0012217026525592864,0.001124859235202837,0.0010352276037693773,0.0009523443042860411,0.0008757708509540497,0.0008050931701226856,0.0007399209789893526,0.0006798871127572224,0.0006246468127294965,0.0005738769866317419,0.0005272754513331422,0.00048456016708530803,0.0004454684714141821,0.00040975631988673006,0.00037719754012897596,0.00034758310469453575,0.00032072042767157625,0.000296432689269144,0.0002745581920387285,0.0002549497518610964,0.00023747412635889643,0.000222011482979126,0.00020845490862285757,0.0001967099623791029,0.00018669427264164044,0.00017833717964823364,0.00017157942427702447,0.00016637288376102207,0.00016268035483449548,0.00016047538470065332,0.00015974215010415712
157,0.00015341975676611772,0.00015410923481964781,0.0001561824573060843,0.0001596538098275942,0.00016454733709946195,0.00017089684588622952,0.00017874604884395067,0.0001881487489871383,0.00019916906439990535,0.00021188169269772652,0.00022637221461609542,0.0002427374359520405,0.00026108576691094614,0.0002815376377113788,0.0003042259490716642,0.0003292965559408802,0.00035690878254086676,0.0003872359664520558,0.0004204660291017387,0.0004568020695963167,0.0004964629783767849,0.0005396840666670461,0.0005867177071257519,0.0006378339805026039,0.0006933213224381546,0.0007534871638311982,0.0008186585574294314,0.0008891827824772567,0.0009654279183801544,0.001047783377419522,0.0011366603855777924,0.0012324923995148253,0.001335735446678356,0.0014468683744410214,0.0015663929930437779,0.0016948340960026933,0.0018327393405184141,0.001980678969333054,0.0021392453544284043,0.0023090523419737304,0.0024907343770319947,0.002684945385737268,0.0028923573919730893,0.003113658845009486,0.00334955263407663,0.003600753765427585,0.0038679866770117586,0.004151982165366516,0.004453473898647095,0.004773194488765505,0.005111871094327502,0.005470220524415093,0.005848943811303137,0.006248720218072267,0.00667020064509349,0.007114000398050373,0.007580691280405478,0.00807079297634369,0.008584763698141316,0.009122990087099103,0.009685776382491816,0.010273332911141386,0.010885764003011392,0.011523055505641496,0.012185062149677819,0.012871495103050405,0.013581910130787047,0.014315696830238124,0.01507206940810477,0.01585005939132133,0.016648510589241095,0.01746607678993335,0.01830122339628697,0.019152235368694044,0.02001723423784327,0.02089420485936439,0.021781028358557983,0.022675515175507456,0.0235754334124068,0.024478527737076747,0.0253825189592187,0.026285058219842363,0.027183569444869618,0.028074823475906244,0.028953906546528903,0.029811972353000152,0.030632176866873202,0.031385607060630205,0.032040688836150064,0.03262054034343164,0.03314578908757879,0.033625317640567934,0.03406045827665947,0.03444914598838651,0.03478822321612466,0.035074503721394576,0.035305208557475425,0.03547811065186961,0.03559154707992869,0.03564437667943298,0.03563592896370507,0.03556597453830655,0.03543472894314604,0.03524287777382126,0.03499159240932084,0.03468251005726179,0.034317679471316156,0.03389949205247541,0.03343061651847385,0.03291394441856045,0.032352545355460643,0.03174962804874578,0.031108504033751587,0.030432552411643846,0.029725185603093507,0.02898981717265401,0.028229833300602736,0.027448569323508927,0.02664929209574459,0.02583518804518528,0.0250093560030759,0.024174803356241864,0.023334443849628746,0.022491095438615764,0.021647476907170587,0.020806202463190572,0.01996977409751053,0.019140572019834583,0.018320843850695046,0.017512693422924025,0.016718070066659773,0.015938759169170383,0.015176374649304809,0.014432353790739462,0.01370795466520153,0.013004256176181415,0.012322160589778983,0.011662398304531377,0.01102553454550577,0.01041197764009187,0.009821988531623822,0.00925569120178858,0.00871308369678912,0.008194049481570095,0.007698368879107099,0.007225730386585625,0.00677574169611158,0.006347940283123471,0.005941803459570253,0.005556757819944936,0.005192188035476665,0.004847444974629292,0.004521853146386706,0.0042147174768330025,0.003925329439722966,0.003652972568695136,0.0033969273831603733,0.003156475762326593,0.0029309048028382362,0.0027195101955579766,0.00252159915643391,0.0023364929454192146,0.002163529006206649,0.0020020627582119192,0.001851469070850916,0.0017111434487416728,0.0015805029550415611,0.0014589868987133596,0.001346057310105618,0.0012411992278366574,0.0011439208185908653,0.0010537533500741623,0.0009702510360367173,0.000892990770959505,0.0008215717707217034,0.0007556151343227939,0.0006947633405308738,0.0006386796921712032,0.0005870477196599663,0.0005395705543307476,0.0004959702810978721,0.0004559872790534853,0.00041937955770547,0.00038592209573179524,0.00035540618835393185,0.0003276388087172686,0.00030244198800923625,0.0002796522184448914,0.00025911988270337983,0.0002407087129050043,0.00022429528177523924,0.00020976852824637588,0.00019702931939669872,0.00018599005031814326,0.00017657428323304998,0.00016871642694554051,0.00016236145750972626,0.0001574646808218356,0.00015399153769277645,0.00015191745182792084,0.00015122772102827775
158,0.00014503594251732583,0.000145683445329874,0.00014763039476360152,0.00015089013233104143,0.00015548495559402535,0.00016144621058364927,0.0001688144209001554,0.00017763945319259432,0.0001879807186151522,0.00019990740974115242,0.00021349877228412495,0.00022884441082516883,0.0002460446275743194,0.00026521079299803366,0.0002864657469225234,0.000309944228470891,0.0003357933329083154,0.00036417299315150234,0.0003952564833439786,0.00042923094150549147,0.0004662979078299032,0.0005066738747299287,0.0005505908442075315,0.0005982968875648085,0.0006500567018611937,0.0007061521568686804,0.0007668828255779518,0.0008325664905658172,0.0009035396177499398,0.0009801577882330203,0.001062796078078877,0.0011518493749718465,0.0012477326197945487,0.0013508809602248528,0.0014617498025100936,0.001580814746636502,0.0017085713891877364,0.0018455349772934764,0.0019922398962238675,0.0021492389724051637,0.002317102572932065,0.0024964174820454607,0.0026877855345369475,0.0028918219856307404,0.0031091535965642528,0.003340416414811474,0.003586253227624696,0.0038473106672549484,0.004124235945790261,0.0044176731969710215,0.004728259401574601,0.0050566198720238004,0.005403363270854403,0.005769076136769805,0.006154316891555968,0.006559609301669473,0.0069854353706567136,0.007432227643865594,0.007900360916708147,0.008390143353894076,0.008901807051566929,0.009435498108783868,0.009991266319931429,0.010569054654389924,0.011168688750760925,0.011789866714676925,0.012432149563931467,0.01309495270266226,0.013777538816531215,0.014479012556945864,0.015198317340781307,0.015934234592852377,0.01668538587558359,0.017450238523301506,0.018227115253588576,0.01901420725079069,0.019809588466448813,0.020611227280243786,0.02141699052000931,0.02222463227429008,0.023031753324128025,0.02383570284205605,0.024633368135716944,0.025420759770396314,0.026192266527062344,0.02693951708838528,0.027650231479067523,0.028308877375139346,0.028903367573193776,0.029438598637271184,0.02992301575063531,0.03036201608691821,0.030757387403880676,0.031108542128481385,0.03141372864937626,0.031670832947771385,0.03187782909842364,0.032033001150859726,0.032135030868680046,0.03218301404426064,0.03217644725872238,0.03211521226663615,0.03199957085024556,0.03183016828278741,0.03160803343061204,0.03133456396494212,0.031011494862999124,0.030640856672853226,0.030224931389059125,0.02976621059687494,0.02926735707000889,0.028731169175624544,0.0281605470929594,0.027558460303040003,0.026927916522983,0.02627193287744605,0.025593510384991056,0.024895612704686758,0.02418114962122184,0.02345296513365094,0.022713829447984064,0.021966433786076316,0.021213386761492526,0.02045721112840461,0.01970033994141373,0.018945111513115526,0.018193762949840427,0.01744842240862648,0.016711100490917338,0.015983681347054086,0.015267914118054757,0.014565405308705297,0.01387761259146251,0.013205840406561531,0.012551237572843973,0.011914796977582347,0.011297357288380942,0.010699606534938896,0.010122087344439482,0.009565203577761831,0.00902922809857314,0.00851431140775069,0.008020490886843869,0.007547700413116799,0.007095780132787132,0.006664486206592218,0.006253500371182385,0.005862439189576253,0.00549086289265481,0.00513828374027395,0.004804173854192819,0.0044879724951460845,0.004189092772868287,0.003906927790830578,0.003640856237206177,0.0033902474405960105,0.0031544659138220046,0.0029328754121210007,0.0027248425337830376,0.0025297398920376027,0.0023469488870864583,0.0021758621068261913,0.002015885384151065,0.0018664395378823688,0.0017269618234042271,0.0015969071180426462,0.001475748865133223,0.0013629797996016324,0.0012581124767420124,0.0011606796247303564,0.0010702343402599454,0.0009863501455396376,0.0009086209237589438,0.0008366607490015173,0.0007701036254858936,0.000708603149933909,0.0006518321098176359,0.0005994820292191588,0.0005512626730578758,0.0005069015195006321,0.00046614320947380037,0.0004287489813458075,0.0003944960980454657,0.0003631772731271175,0.0003346001015888866,0.00030858650059552664,0.0002849721646523036,0.0002636060392203855,0.0002443498162562886,0.0002270774546965907,0.00021167472849258117,0.0001980388044256765,0.0001860778516009262,0.00017571068422017472,0.00016686643897563638,0.00015948428817583304,0.0001535131895159432,0.00014891167323041887,0.00014564766721395634,0.0001436983605641973,0.00014305010588248947
159,0.00013700278605719584,0.00013761038050035616,0.0001394372790079975,0.0001424958437216774,0.00014680673352555586,0.00015239898687034807,0.00015931013742532185,0.00016758636224573382,0.00017728266203797567,0.0001884630729877608,0.0002012009094853168,0.00021557903693320384,0.00023169017365451432,0.0002496372207293514,0.00026953361837321247,0.0002915037272298905,0.00031568323268152447,0.00034221956997739693,0.0003712723676490647,0.0004030139063107042,0.0004376295895386791,0.00047531842308211114,0.0005162934981758048,0.0005607824742077916,0.0006090280554360009,0.0006612884558526343,0.000717837845661775,0.0007789667721672998,0.0008449825471666841,0.0009162095922149965,0.0009929897323663534,0.001075682428222426,0.001164664935325473,0.0012603323791342735,0.0013630977330240618,0.0014733916859664018,0.001591662385783532,0.0017183750431469344,0.0018540113808153697,0.0019990689119969724,0.0021540600311855773,0.0023195109003727662,0.002495960113178833,0.0026839571191757117,0.00288406039048179,0.003096835312571591,0.003322851781132567,0.003562681486680722,0.003816894868480989,0.004086057719082549,0.0043707274204745515,0.0046714487925391185,0.0049887495342386835,0.005323135238030561,0.005675083958686633,0.006045040319507321,0.006433409142557728,0.006840548595957596,0.007266762861602679,0.007712294342327071,0.008177315449749773,0.008661920043810488,0.00916611463232116,0.00968980948234388,0.01023280984167022,0.010794807513183452,0.011375373061163449,0.011973948949586978,0.012589843910786111,0.013222228811868127,0.013870134224013286,0.01453244981337669,0.015207925570988086,0.01589517475610615,0.016592678134116547,0.017298788496653734,0.01801173353604272,0.018729614045572093,0.01945039299937884,0.020171868504278465,0.020891618795928147,0.021606899639390238,0.02231446507641114,0.023010279209713557,0.02368911303582789,0.02434413035316034,0.024966846211272927,0.025548290182791044,0.026082222687052743,0.026568712859633387,0.027010625775752042,0.02741047512595664,0.027769334265648957,0.02808695514280714,0.028362257192866728,0.028593795085852036,0.02878009387363834,0.028919853028436623,0.029012052227061505,0.029055993925837045,0.029051311897472214,0.028997966833859815,0.028896240912665076,0.028746734119465617,0.02855035875559087,0.02830832727869543,0.02802213168618779,0.027693516204162338,0.027324446440102512,0.02691707756008959,0.0264737228222248,0.025996822877017774,0.025488915880646196,0.02495260854549665,0.024390548549409766,0.023805399009951194,0.02319981583146865,0.02257642858549654,0.021937825235170558,0.021286540576731888,0.020625047869288714,0.019955752844869334,0.019280989171555345,0.018603014479051598,0.01792400621829097,0.017246056870239612,0.01657116829372903,0.015901245259958806,0.0152380884258525,0.014583387131303333,0.0139387124648882,0.013305511037809381,0.012685099850766969,0.012078662549646171,0.011487247260338984,0.010911766086215819,0.010352996255660347,0.009811582828870302,0.009288042815386336,0.008782770515697737,0.008296043879085866,0.007828031662346292,0.007378801177126386,0.006948326424742149,0.006536496434344235,0.006143123641339334,0.005767952166388828,0.005410665879617334,0.005070896158573865,0.004748229270942251,0.004442213333222875,0.0041523648141316375,0.0038781745660938166,0.0036191133799960604,0.003374637067519129,0.0031441910822351798,0.0029272146955917943,0.0027231447472968124,0.002531418991808124,0.00235147906391648,0.0021827730870273353,0.0020247579478865447,0.0018769012612940834,0.0017386830479112943,0.0016095971476623302,0.00148915239050937,0.0013768735455786311,0.0012723020687542069,0.0011749966679566277,0.0010845337043954271,0.0010005074471397203,0.0009225301973959162,0.0008502322979239627,0.0007832620420690925,0.0007212854959403851,0.0006639862463357195,0.0006110650860996138,0.0005622396477104019,0.0005172439950302331,0.0004758281823191062,0.000437757788815749,0.00040281343642636946,0.00037079029733936495,0.0003414975977017322,0.00031475812285241666,0.0002904077290099191,0.00026829486575642654,0.00024828011314835356,0.00023023573681288408,0.00021404526396088172,0.00019960308285704235,0.00018681406793672966,0.00017559323244360206,0.00016586541018072506,0.0001575649677179453,0.000150635548177312,0.0001450298475235224,0.0001407094241148968,0.00013764454211929875,0.00013581404926568035,0.0001352052892824688
160,0.00012931425934630675,0.000129883953247038,0.0001315968448601153,0.00013446437877850416,0.00013850567881492574,0.00014374762208587566,0.00015022494241961578,0.0001579803627683973,0.0001670647561993946,0.00017753733492226718,0.0001894658666815658,0.00020292691769703122,0.00021800612117192034,0.00023479847020660234,0.0002534086337496473,0.00027395129398941537,0.00029655150333380393,0.00032134505884252786,0.0003484788916634737,0.0003781114686808914,0.00041041320320732205,0.00044556687114238327,0.0004837680285793752,0.0005252254263650642,0.0005701614166093567,0.0006188123456008256,0.0006714289270126913,0.00072827658868406,0.0007896357856357839,0.0008558022713328821,0.0009270873185404118,0.001003817880442345,0.0010863366820096111,0.0011750022309212744,0.0012701887366701342,0.0013722859258301916,0.0014816987408387441,0.001598846909061388,0.0017241643683753554,0.001858098535036555,0.0020011093991984,0.0021536684331337486,0.0023162572969789574,0.002489366326670281,0.0026734927886703647,0.0028691388860730737,0.003076809500709452,0.003297009655935444,0.0035302416848457118,0.0037770020887228136,0.0040377780706171845,0.004313043729121485,0.004603255897772411,0.004908849616283717,0.005230233221288211,0.005567783046872199,0.005921837729497672,0.006292692118653872,0.006680590804623145,0.0070857212890049525,0.007508206842927892,0.007948099122620837,0.008405370641887025,0.008879907234562282,0.009371500674356657,0.009879841650256203,0.01040451331741159,0.010944985649911369,0.011500610806282575,0.012070619673904624,0.012654119678065028,0.013250093820330603,0.013857400746104852,0.014474775424100143,0.01510082972584027,0.015734051784149373,0.016372802463295116,0.017015306568226262,0.017659635422586903,0.018303675856867693,0.018945078300335424,0.01958117420612408,0.0202088532138342,0.020824400165716773,0.02142332443087823,0.022000286080664108,0.02254933558515927,0.023064750114529287,0.023542480745032297,0.02398124120790676,0.024381463063255837,0.024743898630600756,0.025068844232671746,0.02535596797731775,0.02560445314277876,0.025813232199272253,0.02598119897001394,0.026107361517709357,0.02619093524303297,0.026231389882568165,0.026228467063458945,0.026182182707126155,0.026092823724157513,0.025960943044804913,0.02578735289673986,0.025573114585787243,0.025319523636360978,0.025028090535809122,0.024700518232414728,0.02433867767047923,0.02394458234356343,0.023520362498160963,0.023068239431349388,0.02259050032668678,0.02208947418261586,0.02156750948690596,0.021026954280961085,0.020470139101987497,0.019899363018098394,0.01931688265210969,0.018724903800977254,0.018125575055862715,0.01752098273825966,0.016913146488513168,0.016304014953658616,0.01569546119077801,0.015089277595665185,0.014487170352608613,0.013890753554990781,0.013301543253844918,0.01272095174819683,0.012150282440325073,0.011590725549369237,0.011043354919164161,0.010509126082826975,0.009988875668676928,0.009483322158488251,0.008993067945842155,0.008518602592465407,0.008060307144556805,0.007618459348309533,0.007193239592463145,0.006784737403835859,0.006392958327488219,0.0060178310346612075,0.005659214517260072,0.005316905245899599,0.004990644188022688,0.00468012360217431,0.004384993543204648,0.004104868030286019,0.003839330844710076,0.003587940937271732,0.0033502374356275746,0.0031257442504691525,0.002913974285900368,0.002714433264326175,0.0025266231797303734,0.0023500453957114777,0.002184203406293997,0.0020286052785365087,0.0018827657964773491,0.001746208326117949,0.0016184664210371147,0.001499085187927047,0.0013876224308951876,0.0012836495928227078,0.001186752511438285,0.0010965320070751771,0.0010126043183459976,0.0009346014012050323,0.0008621711060820003,0.0007949772469718911,0.0007326995755597046,0.0006750336726526792,0.0006216907683913378,0.0005723975019194408,0.0005268956304162713,0.0004849416966368024,0.00044630666337001104,0.0004107755225163075,0.0003781468858046985,0.0003482325635214085,0.00032085713700627885,0.0002958575300929154,0.0002730825841243407,0.0002523926406684658,0.0002336591355871877,0.00021676420767912727,0.00020160032471830367,0.00018806992934841107,0.00017608510696352103,0.00016556727740937432,0.00015644691207310983,0.0001486632776912337,0.0001421642079936161,0.00013690590411290338,0.00013285276452142293,0.00012997724510879313,0.00012825974988031594,0.0001276885526360416
161,0.00012196376717045258,0.0001224975073644514,0.00012410225218561236,0.00012678858762325238,0.00013057420118844706,0.00013548394805273405,0.00014154994332912264,0.00014881168017305205,0.00015731617327573863,0.00016711812720736645,0.00017828012894067366,0.0001908728637445768,0.00020497535348050863,0.00022067521615912975,0.00023806894542010616,0.0002572622083809022,0.00027837016006034503,0.0003015177723175293,0.00032684017495510564,0.0003544830063170176,0.0003846027703634598,0.000417367196829689,0.00045295560067016313,0.0004915592365555398,0.000533381643728064,0.0005786389760320263,0.0006275603114221089,0.0006803879347159587,0.0007373775868013501,0.0007987986729366182,0.0008649344222002111,0.0009360819895565592,0.0010125524914171222,0.001094670964994411,0.001182776241180732,0.0012772207201409208,0.001378370038298553,0.001486602614927703,0.0016023090661470268,0.0017258914737591706,0.001857762496094731,0.0019983443078127956,0.0021480673554834856,0.0023073689157323174,0.0024766914427580707,0.002656480692137812,0.0028471836079948017,0.003049245960817632,0.00326310972347779,0.0034892101733063666,0.0037279727084898887,0.003979809367596462,0.004245115041861801,0.00452426337113024,0.004817602316317649,0.005125449404292902,0.005448086645612225,0.005785755132129019,0.006138649330743733,0.006506911102044749,0.00689062348876583,0.007289804338939281,0.007704399851827847,0.008134278159744482,0.008579223083180258,0.009038928216558124,0.009512991512691187,0.010000910530155544,0.01050207848324931,0.011015781182586408,0.011541194869310807,0.01207738482231123,0.012623304453485616,0.013177794402265672,0.013739580899888809,0.014307272397747354,0.014879353140252826,0.015454171993712497,0.016029924370822988,0.016604624486733575,0.017176064660929736,0.017741758827194,0.018298870980402032,0.018844139772338814,0.0193738324297249,0.01988379518459943,0.020369697264183202,0.02082753743014132,0.021254305950288124,0.02164837172889674,0.02200912801077401,0.02233636954312159,0.022629834928195095,0.02288902030550347,0.02311319020654953,0.023301481027204533,0.023453022678005413,0.023567040563495102,0.023642925803213713,0.023680275714822615,0.02367891240631769,0.023638888082979613,0.023560483700761647,0.02344420463412149,0.023290774421976208,0.023101126220279572,0.022876391373078772,0.02261788495798288,0.022327088656093723,0.022005631553924564,0.02165526951938905,0.02127786373384774,0.02087535891572069,0.02044976177772826,0.020003120295633104,0.019537504376971254,0.019054988456322298,0.018557636394176184,0.01804748884091236,0.017526552990452166,0.016996794437767134,0.01646013070639804,0.01591842594335384,0.01537348628827247,0.014827055497682175,0.014280810522469706,0.01373635687374683,0.013195223747323424,0.01265885899262054,0.012128624096981634,0.01160578940624792,0.011091529817894035,0.010586921168748119,0.01009293750263712,0.009610449352536209,0.009140223115014307,0.008682921538718198,0.008239105298233247,0.007809235582861414,0.007393677597950918,0.006992704854449014,0.006606504109602503,0.006235180817046946,0.0058787649465619155,0.005537217041126302,0.005210434390206052,0.004898257212140905,0.004600474753877377,0.004316831232091936,0.004047031555120976,0.0037907467794332742,0.003547619267227027,0.003317267522881375,0.003099290695378526,0.002893272741497263,0.002698786250705884,0.0025153959374431835,0.0023426618100784464,0.0021801420284894026,0.0020273954640771833,0.001883983977310532,0.0017494744286923288,0.0016234404394779513,0.0015054639186325757,0.0013951363724591364,0.001292060013110912,0.0011958486818609121,0.0011061286025636687,0.001022538980235859,0.0009447324591176809,0.0008723754539704453,0.0008051483677282929,0.000742745707962092,0.0006848761139389721,0.0006312623053780576,0.000581640963317592,0.0005357625528259823,0.0004933910966141276,0.00045430390794303394,0.0004182912905731374,0.00038515621287346885,0.0003547139626029363,0.0003267917882952578,0.0003012285326256906,0.00027787426261346136,0.0002565899010200401,0.00023724686284101214,0.0002197267003587423,0.00020392075982434844,0.00018972985247037426,0.00017706394221929204,0.0001658418521465688,0.00015599099147920825,0.00014744710465988925,0.00014015404378130071,0.00013406356549307326,0.000129135153302719,0.00012533586602997564,0.00012264021302856005,0.0001210300566581398,0.00012049454236982742
162,0.00011494421390357499,0.00011544388471692057,0.00011694615437544068,0.00011946080636454572,0.00012300418588254746,0.0001275992587699401,0.00013327569369750872,0.0001400699672920784,0.00014802549177510708,0.00015719276457688253,0.00016762953926588653,0.0001794010169970662,0.00019258005753247437,0.0002072474087212398,0.00022349195314142582,0.00024141097040244087,0.0002611104133818332,0.0002827051964232252,0.0003063194932517163,0.00033208704206842525,0.0003601514549663328,0.0003906665284649293,0.00042379655159142005,0.00045971660754186706,0.0004986128645375718,0.0005406828510516664,0.0005861357101202597,0.0006351924269741722,0.0006880860237344813,0.0007450617144116687,0.0008063770129386498,0.0008723017864576058,0.0009431182455752456,0.0010191208628074987,0.0011006162099598804,0.0011879227047416928,0.0012813702564990063,0.0013812998005815998,0.0014880627105411403,0.0016020200771001121,0.0017235418426407244,0.0018530057798462655,0.0019907963030883526,0.0021373031011941036,0.0022929195803468305,0.0024580411060697886,0.0026330630335115067,0.002818378515591573,0.0030143760789820588,0.0032214369584081023,0.003439932180387611,0.0036702193883594164,0.003912639402275789,0.004167512507312992,0.004435134468595262,0.004715772272009754,0.005009659595651719,0.005316992022567047,0.005637922013653555,0.005972553670190404,0.006320937328674793,0.00668306404633183,0.0070588600532003444,0.0074481812647592995,0.007850807965474181,0.008266439785341707,0.008694691094609118,0.009135086931826287,0.009587059552345643,0.010049945633319688,0.010522984092652185,0.011005314370438606,0.011495974883041313,0.011993901198529076,0.012497923310208249,0.013006761218569087,0.013519017886382299,0.014033168516792191,0.014547545033371745,0.015060314685235584,0.01556945212260266,0.016072705742026402,0.016567562767494264,0.017051224876119212,0.017520617695079385,0.01797246970386562,0.018403496776376312,0.018810694906687374,0.019191657591231752,0.019544736432896836,0.01986890783883129,0.020163488310740763,0.02042788277201114,0.02066144876707224,0.020863469788442647,0.021033195319252657,0.021169906042764045,0.021272976909598198,0.02134192525604554,0.02137644133498438,0.02137640407945486,0.021341886755372103,0.021273156727427283,0.02117067208730491,0.021035076338149012,0.02086719128066136,0.020668007853069995,0.020438674748194635,0.020180484874985128,0.019894859950207792,0.019583333634318304,0.019247533684131492,0.018889163624335643,0.01850998446227942,0.01811179698007299,0.017696425113286236,0.01726570084790493,0.0168214509349596,0.016365485552712253,0.015899588868738386,0.01542551129908054,0.014944963151644081,0.014459609287202984,0.01397106443335451,0.013480888835378724,0.012990584008933981,0.01250158845671534,0.012015273309326011,0.011532937937167257,0.011055805646572908,0.010585019615362408,0.010121639239982824,0.009666637061048066,0.009220896411028289,0.00878520989278569,0.008360278756350679,0.007946713198860377,0.007545033572882835,0.007155672454089714,0.00677897749189424,0.006415214946757299,0.0060645738052065665,0.005727170357579629,0.005403053123188207,0.0050922080119617415,0.004794563619570846,0.004509996563481609,0.00423833677935403,0.003979372709796089,0.0037328563299955007,0.0034985079666195263,0.003276020877214457,0.0030650655669228312,0.0028652938275733784,0.0026763424910952157,0.0024978368948460113,0.0023293940609505214,0.00217062559526918,0.0020211403143083184,0.001880546610387698,0.0017484545668263669,0.0016244778359050722,0.0015082352930050986,0.0013993524806847374,0.0012974628565959473,0.0012022088591128507,0.0011132428043779533,0.0010302276282006043,0.0009528374858881398,0.0008807582226713288,0.000813687726916465,0.0007513361778081845,0.000693426198649334,0.0006396929263648751,0.000589884007222752,0.0005437595282018897,0.0005010918928514117,0.0004616656499006651,0.00042527728230114383,0.00039173496381295314,0.00036085828969366937,0.0003324779875095567,0.0003064356135709025,0.00028258323999709917,0.00026078313694498253,0.00024090745408734612,0.00022283790500856557,0.00020646545779156678,0.00019169003470523129,0.00017842022356365984,0.00016657300301807314,0.00015607348375777847,0.00014685466733753294,0.00013885722411352433,0.00013202929155756393,0.00012632629402727118,0.0001217107848971828,0.00011815231179987057,0.00011562730558522245,0.00011411899347786495,0.00011361733679504565
163,0.0001082480681032267,0.00010871549023558687,0.00011012076455151288,0.00011247292533117657,0.00011578706474349332,0.00012008438524596315,0.00012539227263503675,0.00013174438943012082,0.00013918078817314587,0.00014774804411648516,0.0001574994066532223,0.00016849496871364813,0.00018080185320879668,0.0001944944154442535,0.00020965446025390726,0.0002263714724123951,0.00024474285867547095,0.0002648741995683114,0.0002868795087919625,0.0003108814978470467,0.00033701184318106817,0.0003654114528510688,0.00039623072935723056,0.0004296298249459159,0.00046577888530366607,0.0005048582771683811,0.0005470587949723662,0.0005925818412067813,0.0006416395747614856,0.0006944550210521672,0.0007512621373024031,0.0008123058259069638,0.0008778418883698963,0.000948136911892858,0.001023468080292564,0.0011041229005581286,0.0011903988360270118,0.0012826028368698023,0.0013810507583367504,0.0014860666570401064,0.001597981955432564,0.0017171344645992327,0.0018438672555130353,0.0019785273690143346,0.002121464354966624,0.0022730286313121847,0.002433569654105971,0.0026034338900464246,0.0027829625835582733,0.002972489311134535,0.0031723373164496294,0.003382816620772,0.00360422090452281,0.003836824157573512,0.004080877098217377,0.004336603363897781,0.004604195480974311,0.0048838106263192765,0.0051755662006093515,0.005479535241985278,0.005795741719317278,0.006124155756387921,0.006464688851240885,0.006817189167565693,0.007181436985490428,0.007557140405080009,0.0079439313941503,0.008341362259258132,0.008748902591307688,0.00916593669173951,0.009591761419220388,0.010025584309610494,0.010466521716940099,0.010913596608962406,0.011365735542912474,0.011821764266285173,0.012280401357305428,0.012740249365229609,0.013199783067161663,0.01365733480493539,0.014111077588292574,0.01455900810105277,0.014998934403029627,0.015428477262053522,0.01584509894158057,0.016246175846339035,0.016629125341029102,0.016991574764479874,0.01733152298992882,0.017647417460944746,0.017938101690733302,0.018202682353926032,0.01844039534703993,0.01865051992825274,0.01883234967282571,0.01898520515605246,0.019108467290350553,0.019201614340437028,0.01926425276849803,0.019296138323417304,0.019297187814865602,0.019267483830816674,0.019207274874194685,0.019116972748288132,0.018997148146187685,0.01884852471094399,0.018671971487995404,0.01846849364398364,0.01823922144174929,0.017985397618361473,0.01770836344572894,0.01740954384513069,0.017090431984394833,0.01675257381653056,0.016397553019932627,0.01602697676582194,0.0156424626639558,0.015245627127301667,0.01483807526448574,0.014421392275290646,0.013997136209027773,0.01356683186297412,0.01313196555553097,0.012693980506191868,0.01225427258580081,0.011814186256275526,0.011375010587817364,0.010937975312827185,0.010504246940199403,0.01007492500481266,0.009651038561167224,0.009233543046255937,0.008823317636199566,0.008421163206867536,0.008027800984497055,0.00764387194230865,0.007269936967071015,0.00690647778859646,0.006553898637518405,0.00621252857384752,0.005882624411428076,0.005564374151648243,0.005257900833304033,0.00496326670379788,0.004680477619117572,0.004409487585451779,0.004150203363002579,0.0039024890617419808,0.003666170668802928,0.003441040457284301,0.003226861236004472,0.003023370408812864,0.002830283820242974,0.0026472993714505783,0.0024741003965007093,0.002310358794183017,0.0021557379147251073,0.002009895204138603,0.0018724846115827577,0.0017431587671742552,0.0016215709392103073,0.0015073767808952239,0.0014002358774457208,0.001299813104962466,0.001205779812748491,0.0011178148408728479,0.0010356053847555555,0.0009588477184156495,0.0008872477878006512,0.0008205216853209758,0.0007583960163613118,0.0007006081681445669,0.0006469064908924025,0.0005970504007678287,0.0005508104136068919,0.0005079681179543094,0.0004683160954174888,0.0004316577958496831,0.00039780737437054506,0.0003665894967351378,0.00033783911907420063,0.00031140124755241346,0.00028713068303042434,0.0002648917553729537,0.0002445580516213986,0.00022601214184667356,0.0002091453061177493,0.0001938572656643259,0.00018005592097875364,0.00016765709929278557,0.0001565843135787878,0.0001467685349621059,0.0001381479801905919,0.00013066791558778528,0.00012428047871665922,0.00011894451879974682,0.00011462545677725993,0.00011129516573577352,0.00010893187230434203,0.0001075200794906163,0.00010705051131465396
164,0.00010186742474733297,0.000102304354529807,0.00010361791930548465,0.000105816454701454,0.00010891388452790621,0.00011292976727547261,0.00011788936090816367,0.00012382370564188033,0.00013076972430034497,0.00013877033973507232,0.000147874608682136,0.00015813787130451363,0.00016962191553326542,0.00018239515517236385,0.0001965328205693504,0.00021211716047597068,0.00022923765352847553,0.0002479912275654604,0.0002684824847712346,0.0002908239303842464,0.0003151362024427938,0.0003415482997541491,0.00037019780496869246,0.0004012310993184246,0.00043480356524046,0.0004710797727524144,0.0005102336450800776,0.0005524485986610265,0.0005979176522640452,0.0006468434995770744,0.0006994385392301711,0.0007559248558394277,0.0008165341452882575,0.0008815075771097115,0.0009510955865037216,0.0010255575882228852,0.0011051616042964067,0.0011901837973409303,0.0012809079010360825,0.0013776245392281804,0.0014806304250739298,0.0015902274316525766,0.0017067215255646808,0.0018304215552024208,0.0019616378856234717,0.002100680872291382,0.002247859166364303,0.002403477844727982,0.002567836358590666,0.002741226295207999,0.002923928948219561,0.003116212693207076,0.003318330166501877,0.003530515247076086,0.0037529798436759156,0.003985910492349385,0.004229464773353856,0.004483767561269525,0.004748907128130572,0.005024931126576563,0.005311842488342796,0.005609595282548401,0.005918090587593364,0.0062371724390348805,0.006566623922128037,0.006906163479891695,0.007255441503341021,0.007614037257459637,0.007981456172174292,0.00835712749009551,0.008740402211195195,0.009130551209991256,0.009526763327604259,0.009928143168433318,0.01033370827407849,0.010742385325759588,0.011153005064720955,0.011564295744418664,0.011974875171766024,0.012383241810963768,0.012787766106705503,0.013186684270186084,0.013578098366720779,0.013959988500761487,0.014330244417140404,0.014686723085390716,0.015027333114790663,0.015350134467018377,0.015653426332549607,0.01593578948263449,0.01619606682717535,0.01643330135007423,0.016646666705074323,0.01683541714705511,0.016998865920478043,0.017136387738437474,0.01724743533865345,0.01733156044553847,0.017388432602312612,0.01741785282796755,0.017419761658711213,0.017394242530980573,0.01734152184916907,0.017261966849239058,0.017156081907262366,0.017024503524861376,0.01686799398036586,0.0166874335715992,0.016483811434166523,0.016258215028093284,0.016011818496246912,0.015745870186486932,0.015461679689071677,0.015160604770545292,0.014844038584097649,0.014513397502997214,0.014170109859576667,0.013815605783841885,0.013451308234417298,0.013078625214115682,0.012698943076096399,0.01231362076409287,0.0119239847964537,0.011531324798776667,0.011136889409769686,0.010741882423089504,0.01034745907654446,0.009954722451529828,0.0095647199932515,0.009178440201199567,0.00879680956641486,0.00842068984623388,0.008050875768961515,0.00768809325212787,0.007332998201230978,0.006986175934041932,0.0066481412514395625,0.006319339151747554,0.006000146163528914,0.005690872253030634,0.005391763247703227,0.005103003706723189,0.004824720163138068,0.004556984659786892,0.004299818502000368,0.0040531961536329,0.003817049208562187,0.0035912703767677014,0.0033757174318770787,0.0031702170751427778,0.002974568678772087,0.002788547879076509,0.0026119099968248054,0.002444393268356927,0.0022857218763940737,0.0021356087740674124,0.0019937582995260684,0.0018598685816390184,0.0017336337398519682,0.001614745883279589,0.001502896915682947,0.001397780154173455,0.0012990917703617267,0.0012065320632876706,0.0011198065738737856,0.0010386270508761536,0.0009627122783993339,0.0008917887750187581,0.0008255913744388574,0.0007638636974245678,0.000706358524492389,0.0006528380785465986,0.000603074226306321,0.0005568486069982468,0.0005139526963949493,0.00047418781386623443,0.0004373650796862803,0.000403305329407446,0.0003718389916770495,0.0003428059354401924,0.00031605529204348627,0.00029144525733460354,0.00026884287844378466,0.0002481238295382846,0.00022917218046131585,0.00021188016180504347,0.00019614792962392507,0.0001818833326711037,0.00016900168473724385,0.0001574255443883885,0.0001470845041370519,0.00013791499083848672,0.00012986007888126657,0.00012286931753715632,0.00011689857364865827,0.00011190989066238983,0.00010787136486119556,0.00010475703950611421,0.000102546817469403,0.00010122639282006879,0.00010078720171200484
165,9.579406495422467e-05,9.620219395492781e-05,9.742913981276887e-05,9.948258737100087e-05,0.00010237537224697841,0.00010612552200376114,0.00011075631349520155,0.00011629634608338489,0.00012277963033274295,0.00013024569168428374,0.00013873968850481924,0.00014831254378852186,0.00015902108966033877,0.00017092822369154997,0.00018410307588595626,0.00019862118502981716,0.00021456468291883247,0.00023202248478043422,0.0002510904839988545,0.00027187174902349766,0.0002944767200979484,0.0003190234031876328,0.00034563755820919446,0.00037445287837484297,0.00040561115716149904,0.0004392624390990999,0.00047556515024702153,0.000514686203894769,0.0005568010766859102,0.0006020938500262377,0.000650757211302347,0.000702992409109756,0.0007590091563752883,0.0008190254749620931,0.0008832674750730577,0.0009519690625255028,0.0010253715667630611,0.0011037232823058267,0.0011872789162233948,0.0012762989341533965,0.0013710487973863192,0.0014717980836011979,0.0015788194839711292,0.0016923876695670943,0.0018127780202777484,0.0019402652098365037,0.0020751216410115157,0.002217615725577926,0.0023680100043682695,0.0025265591035067638,0.002693507523906763,0.002869087262291343,0.003053515263444229,0.0032469907051887064,0.0034496921198197096,0.0036617743584859068,0.003883365408445371,0.004114563077299607,0.004355431563308087,0.004605997936687785,0.004866248563277378,0.005136125508785335,0.00541552296850146,0.0057042837730064255,0.006002196023934144,0.00630898991382102,0.006624334778919873,0.006947836421942746,0.007279034721618581,0.007617401516860434,0.007962338715438376,0.008313176532323678,0.008669171715993412,0.009029505580365626,0.009393281638436389,0.00975952264797517,0.010127166949421566,0.010495064122141396,0.010861970229145737,0.011226543287440252,0.011587340121331396,0.01194281644992193,0.012291332884748263,0.012631170248428867,0.012960557725135975,0.013277715906567285,0.013580912868508833,0.013868525068683909,0.014139088628796936,0.014391325739767898,0.014624139827189207,0.014836587729154634,0.015027845141055133,0.015197179351331061,0.015343935729080476,0.01546753732756171,0.0155674930996052,0.0156434095394141,0.015695001788226148,0.015722102048797242,0.015724664695599768,0.015702768404631817,0.01565661597518177,0.015586532464857215,0.015492962030068991,0.015376463628698957,0.015237705591658924,0.015077459024982906,0.01489659003933885,0.014696050880655781,0.014476870120841607,0.014240142140709825,0.013987016188277999,0.013718685320611863,0.013436375535173042,0.013141335367903116,0.012834826183293978,0.012518113312751513,0.012192458120482228,0.01185911100076365,0.011519305245789788,0.01117425167590409,0.010825133897318906,0.010473104046484112,0.010119278892498132,0.0097647361948782,0.009410511248224394,0.009057593582358001,0.008706923821542763,0.008359390735647558,0.008015828537151073,0.007677014489654176,0.007343666896205865,0.007016443530371073,0.006695940561309267,0.00638269200822415,0.006077169741425087,0.00577978402873942,0.005490884608617843,0.005210762256070112,0.004939650795246597,0.0046777295033775725,0.004425125844936335,0.0041819184721156285,0.00394814042764896,0.0037237824882174987,0.0035087965906601586,0.0033030992884466627,0.0031065751919103976,0.0029190803521561086,0.0027404455550148667,0.0025704794976508898,0.0024089718262430213,0.0022556960184474057,0.002110412099034458,0.001972869181164879,0.0018428078292419237,0.001719962242188202,0.0016040622583961008,0.0014948351855487382,0.0013920074600614603,0.0012953061421082817,0.001204460253124802,0.0011192019633649466,0.0010392676375735284,0.0009643987471543564,0.0008943426573934486,0.0008288532983630899,0.0007676917281050397,0.0007106265965868485,0.000657434518757715,0.0006079003648110667,0.0005618174754997196,0.0005189878100542208,0.00047922203393288457,0.0004423395532892462,0.0004081685026846895,0.0003765456922057467,0.00034731651977147095,0.0003203348540403427,0.0002954628929519985,0.0002725710025698986,0.00025153754052971715,0.00023224866804723006,0.00021459815410087904,0.00019848717507975295,0.00018382411287879832,0.0001705243541306837,0.00015851009298856617,0.00014771013961640655,0.00013805973630352466,0.00012950038289756083,0.000121979673044473,0.00011545114253496784,0.00010987413088297754,0.00010521365710241055,0.00010144031050224466,9.853015718578814e-05,9.646466281620175e-05,9.523063209566273e-05,9.482016529830349e-05
166,9.001951305958111e-05,9.04004680103254e-05,9.154569019644154e-05,9.346225893503061e-05,9.616199743251128e-05,9.966150915996912e-05,0.00010398222849331503,0.00010915048532761422,0.00011519758328435237,0.00012215989103419456,0.00013007894615477621,0.0001390015708320924,0.00014897999859402416,0.00016007201113442282,0.00017234108414500673,0.00018585654091925264,0.00020069371232673945,0.00021693410157742478,0.00023466555200266434,0.00025398241587317887,0.0002749857220536116,0.00029778334005903944,0.0003224901378313293,0.0003492281302934202,0.0003781266154686701,0.00040932229467192363,0.00044295937299095235,0.000479189635983823,0.0005181724982224494,0.0005600750190184365,0.0006050718803780795,0.0006533453219532753,0.0007050850274887197,0.0007604879570180601,0.0008197581188379055,0.0008831062750942354,0.0009507495746564576,0.001022911106835835,0.001099819369432952,0.0011817076445789338,0.00126881327587268,0.0013613768404167144,0.0014596412095223314,0.00156385049209557,0.0016742488550341812,0.0017910792153679155,0.0019145817993671287,0.002044992564437303,0.002182541480322685,0.002327450666979501,0.002479932387474106,0.002640186895449121,0.002808400138127137,0.0029847413175436563,0.003169360314785097,0.003362384984525276,0.0035639183301727755,0.0037740355735128754,0.003992781136864274,0.004220165560420963,0.004456162382462562,0.004700705015204795,0.004953683653766154,0.00521494225939173,0.005484275659850615,0.0057614268088039145,0.0060460842408567965,0.006337879748974987,0.0066363862952736,0.006941116144764188,0.007251519185319127,0.007566981368177344,0.007886823176122913,0.008210298008020816,0.008536590368658843,0.008864813784396557,0.009194008441866162,0.009523138682109397,0.009851090686393664,0.010176670967815781,0.010498606630608871,0.010815548750736186,0.011126080589545976,0.011428732502561385,0.011722005041988198,0.012004400488178574,0.012274460657432384,0.01253080571940228,0.012772166359252055,0.01299740210271803,0.013205503135868895,0.013395579412251037,0.013566844768368162,0.013718603333371857,0.013850242252978552,0.01396123115256748,0.014051126433749039,0.014119577759077922,0.014166334476676092,0.014191250614747701,0.01419428792781604,0.014175517048319004,0.01413511704878027,0.014073373733041242,0.01399067686914668,0.013887516452558705,0.013764478005904015,0.013622236898634768,0.013461551697207001,0.013283256612401971,0.013088253174214986,0.012877501321031812,0.012652010129635276,0.012412828431673734,0.012161035559424622,0.011897732440189466,0.011624033217822896,0.011341057527063029,0.011049923488187428,0.010751741433100074,0.010447608325503581,0.010138602801873588,0.009825780738891857,0.009510171246961435,0.009192772996688563,0.008874550802706497,0.008556432413159553,0.008239305479664482,0.007924014708091943,0.007611359212249613,0.007302090108598151,0.006996908399548575,0.006696463195615476,0.0064013503233911005,0.006112111358114719,0.0058292331079610495,0.005553147563542152,0.005284232311886527,0.005022811400491844,0.004769156624837584,0.004523489202599203,0.004285981790065192,0.004056760791027217,0.0038359089056068333,0.0036234678658744034,0.003419441306387121,0.0032237977205525807,0.003036473457626811,0.0028573757198110815,0.0026863855239869098,0.002523360597840788,0.0023681381852537105,0.0022205377406973262,0.002080363496873576,0.0019474068938892708,0.001821448861840001,0.0017022619517867506,0.0015896123127616911,0.001483261514668583,0.0013829682187872514,0.0012884896990934555,0.0011995832188078882,0.0011160072675318773,0.001037522665050231,0.0009638935384171798,0.0008948881793191355,0.0008302797889534123,0.0007698471177969117,0.0007133750076813903,0.0006606548435577408,0.0006114849222336803,0.000565670745218282,0.000523025242612164,0.00048336893475179205,0.0004465300380571536,0.00041234452125003525,0.00038065611781068275,0.0003513163002285088,0.0003241842212821099,0.0002991266272590469,0.000276017747700166,0.00025473916592984997,0.00023517967431526193,0.00021723511788683607,0.00020080822965103806,0.00018580846063651275,0.00017215180743753561,0.00015976063975525902,0.00014856353018833588,0.00013849508829055963,0.0001294958006943546,0.00012151187889519727,0.00011449511610302836,0.0001084027543919073,0.00010319736321784941,9.884673022610565e-05,9.53237651320873e-05,9.260641733357434e-05,9.067760779455755e-05,8.952517563174333e-05,8.91418397320319e-05
167,8.453509095389363e-05,8.489043397176421e-05,8.595863304645642e-05,8.774620469287892e-05,9.026403123604159e-05,9.352739287518539e-05,9.755601229932054e-05,0.00010237411157523448,0.00010801048094265502,0.00011449855905991848,0.00012187652414615379,0.0001301873953616476,0.000139479143655745,0.00014980481119047557,0.0001612226383172532,0.00017379619694276203,0.00018759452896788902,0.00020269228831982044,0.00021916988492185594,0.0002371136287579677,0.00025661587198970226,0.0002777751468719976,0.00030069629699243085,0.0003254905991261932,0.00035227587275789843,0.0003811765740727165,0.00041232387096520575,0.0004458556953569043,0.0004819167688559553,0.0005206585975368967,0.0005622394313697613,0.0006068241835887019,0.0006545843050657318,0.0007056976085493885,0.0007603480374460355,0.0008187253736680992,0.000881024878953991,0.0009474468639839963,0.0010181961795803053,0.0010934816242927675,0.0011735152627400558,0.0012585116492037018,0.001348686951164913,0.0014442579677362614,0.001545441038277542,0.0016524508369034126,0.0017654990490969743,0.001884792927247525,0.002010533722644383,0.0021429149922982016,0.0022821207799479763,0.0024283236717737343,0.0025816827287060843,0.0027423412988451606,0.0029104247154179666,0.0030860378879595555,0.0032692627970372953,0.0034601559058670475,0.0036587455055794686,0.003865029014613128,0.004078970256589928,0.0043004967448163275,0.004529497004878129,0.004765817969153815,0.005009262477842107,0.005259586919592482,0.005516499040365611,0.005779655941199898,0.0060486622739032835,0.006323068628644453,0.006602370090103477,0.0068860049214920825,0.007173353322057148,0.00746373619906585,0.007756413906948817,0.00805058494278183,0.008345384657269504,0.008639884150642098,0.008933089675729235,0.009223943060740813,0.009511323874940221,0.009794054255191904,0.010070907422974841,0.010340620839326619,0.01060191452030855,0.010853514134206018,0.011094177136119258,0.011322718703721925,0.011538033359614317,0.011739108760204463,0.011925030442337328,0.012094979327625955,0.01224822573009522,0.012384123635560027,0.012502107606928617,0.01260169289009197,0.012682477985238206,0.01274414839995551,0.012786480379001673,0.012809343805213444,0.012812703908533073,0.012796621743488085,0.012761253554817609,0.012706849177715496,0.012633749574273247,0.012542383547671739,0.012433263636249896,0.012306981183732472,0.012164200605962686,0.012005652916659152,0.011832128621945805,0.011644470135174348,0.011443563893012489,0.011230332367367644,0.01100572616453236,0.010770716384134876,0.010526287378937297,0.010273430016454355,0.010013135499743295,0.009746389762574931,0.009474168417919617,0.009197432211446678,0.008917122915217292,0.008634159591103984,0.008349435157540223,0.008063813204880938,0.00777812502129251,0.007493166809910561,0.0072096970964438244,0.006928434342371523,0.006650054790913818,0.006375190580257775,0.0061044281609399864,0.005838307052196832,0.005577318966256532,0.0053219073209531086,0.005072467150760866,0.004829345415406776,0.004592841694516254,0.004363209247002663,0.004140656405637324,0.003925348270749025,0.00371740866243303,0.0035169222879797013,0.0033239370803244215,0.0031384666639524446,0.0029604929065938325,0.0027899685179233625,0.0026268196600508567,0.002470948538583339,0.0023222359472309826,0.002180543743123964,0.0020457172340601418,0.001917587462707778,0.0017959733762739041,0.001680683873278757,0.0015715197218357604,0.0014682753462291977,0.001370740480625108,0.0012787016904706858,0.0011919437635636528,0.001110250973937703,0.0010334082226449706,0.0009612020602517024,0.0008934215964267823,0.0008298593024193834,0.0007703117125138696,0.0007145800307362508,0.0006624706491834526,0.0006137955843684807,0.000568372837933186,0.0005260266879860156,0.0004865879171836153,0.00044989398350000657,0.00041578913942189467,0.0003841245050793074,0.0003547581005723854,0.00032755484249240047,0.0003023865093621594,0.00027913168044163474,0.00025767565206236245,0.00023791033537190747,0.0002197341390902323,0.00020305184060546855,0.00018777444846943827,0.00017381905909499176,0.0001611087102092267,0.00014957223338000165,0.0001391441077086516,0.0001297643165699593,0.00012137820908149195,0.00011393636779838402,0.00010739448395633721,0.00010171324142461341,9.685821038154794e-05,9.279975158688144e-05,8.951293199715069e-05,8.697745235152147e-05,8.517758724473544e-05,8.410213810014315e-05,8.374439935790723e-05
168,7.933196961222096e-05,7.966319869046572e-05,8.065888202843962e-05,8.232501361228652e-05,8.467160230326191e-05,8.771270003402878e-05,9.146644102123815e-05,9.595509172802714e-05,0.00010120511122808073,0.00010724722153655971,0.00011411648738158,0.0001218524047921679,0.00013049899777388359,0.00014010492223083814,0.00015072357617193196,0.00016241321510921162,0.0001752370714167755,0.00018926347626928007,0.00020456598261957856,0.00022122348750529445,0.00023932035179432843,0.00025894651528976005,0.0002801976049159329,0.00030317503350056293,0.0003279860864536442,0.0003547439934242295,0.0003835679817926371,0.0004145833086304688,0.0004479212675365347,0.0004837191665362666,0.0005221202730187121,0.0005632737214823181,0.0006073343796723418,0.0006544626685230177,0.0007048243311710057,0.0007585901461876941,0.0008159355800913871,0.0008770403741510506,0.0009420880604859593,0.0010112654025051075,0.0010847617548214073,0.0011627683379232916,0.0012454774230951848,0.0013330814233533644,0.0014257718865103243,0.0015237383869048178,0.0016271673128432555,0.0017362405473996478,0.0018511340409265295,0.001972016274451967,0.0020990466140950025,0.0022323735577448973,0.0023721328765433174,0.002518445655211236,0.0026714162370025814,0.0028311300810704067,0.002997651542314894,0.0031710215863442782,0.0033512554549880646,0.003538340300781119,0.003732232811852058,0.003932856851490401,0.004140101139041367,0.004353817000310138,0.004573816215911279,0.004799868994517864,0.005031702094348766,0.005268997110244055,0.005511388935377949,0.0057584643965630095,0.0060097610513553225,0.0062647661257330635,0.006522915565910113,0.006783593180821758,0.007046129867853825,0.007309802948767711,0.007573835700164197,0.007837397245618471,0.008099603082764325,0.008359516639145605,0.008616152366959296,0.008868480967525289,0.009115437334599144,0.009355931660189038,0.009588863794442211,0.009813140363641074,0.010027693393628525,0.01023149848012667,0.010423590252202408,0.01060307332287978,0.010769128120664648,0.01092101245405902,0.011058060642835058,0.011179682158429212,0.011285361107333766,0.011374657026973996,0.011447206760214556,0.011502726823064864,0.011541015655670705,0.011561955313863687,0.011565512374183982,0.01155173799556377,0.011520767172146661,0.011472817234127092,0.01140818563678569,0.011327247052171169,0.01123044976326454,0.011118311364867173,0.010991413797244621,0.010850397770932985,0.010695956675980686,0.010528830099289501,0.010349797094797927,0.010159669360418533,0.009959284472269226,0.00974949931182634,0.00953118379746441,0.00930521500162882,0.009072471702260169,0.008833829385656057,0.00859015569081132,0.008342306264658901,0.008091120984735824,0.007837420500764292,0.007582003048692253,0.007325641498423628,0.00706908060792724,0.0068130344696665296,0.006558184148484551,0.006305175521666789,0.006054617340771433,0.0058070795403196785,0.005563091820390477,0.005323142528769375,0.005087677864059186,0.004857101414757642,0.0046317740415125494,0.0044120141013394435,0.004198098004216293,0.00399026108472059,0.0037886987646698544,0.003593567977344096,0.0034049888199465758,0.0032230463985161314,0.003047792828462309,0.0028792493541047815,0.0027174085518662074,0.002562236583875259,0.0024136754714630245,0.002271645361172276,0.0021360467592582847,0.0020067627140841924,0.001883660929176749,0.0017665957929141763,0.0016554103138002928,0.001549937952996028,0.001450004348209822,0.0013554289251870993,0.0012660263948928014,0.0011816081360650616,0.0011019834641528522,0.0010269607887590528,0.0009563486626170532,0.0008899567258575426,0.0008275965498951102,0.0007690823857025128,0.000714231821562639,0.0006628663556109392,0.0006148118886188863,0.0005698991425345028,0.0005279640103000232,0.0004888478424187771,0.00045239767565154524,0.00041846640909406325,0.0003869129327283,0.00035760221335613614,0.00033040534262008197,0.0003051995515961322,0.0002818681962127812,0.0002603007175112262,0.00024039258051814736,0.00022204519525708603,0.00020516582317995206,0.00018966747205885834,0.000175468782142279,0.00016249390615011685,0.00015067238546102247,0.00013993902463331045,0.00013023376619888336,0.00012150156747825234,0.00011369228098435051,0.00010676053981346086,0.00010066564926311931,9.537148576900845e-05,9.084640411518037e-05,8.706315374383989e-05,8.399880487166837e-05,8.163468500844784e-05,7.995632636964727e-05,7.895342457667663e-05,7.861980894565328e-05
169,7.440121777427013e-05,7.470976751768671e-05,7.563725154319321e-05,7.718917921854152e-05,7.937474939461416e-05,8.220687513835304e-05,8.570221810926981e-05,8.988123232632264e-05,9.476821699444276e-05,0.00010039137797867787,0.00010678289742799527,0.00011397901095949853,0.00012202009171645211,0.00013095074050942346,0.00014081988113845932,0.000151680859875013,0.00016359154795492692,0.00017661444579786687,0.00019081678752404563,0.00020627064418586612,0.000223053023970439,0.0002412459674591633,0.0002609366358533009,0.00028221738989057395,0.0003051858569883833,0.0003299449839556819,0.00035660307241955054,0.0003852737939161283,0.0004160761814010974,0.00044913459374507005,0.00048457864959696345,0.0005225431268270576,0.000563167823604471,0.0006065973770250656,0.0006529810350893343,0.0007024723777397922,0.0007552289826081356,0.0008114120310982939,0.0008711858504469647,0.0009347173874627113,0.0010021756097527107,0.0010737308304072462,0.0011495539523306345,0.00122981562868822,0.0013146853362874075,0.0014043303591321126,0.001498914679890918,0.0015985977776072475,0.0017035333306642992,0.001813867824809379,0.00192973906695517,0.0020512746065249306,0.0021785900673123013,0.0023117873942026246,0.002450953020668609,0.002596155964721271,0.0027474458629703,0.002904850954612984,0.0030683760294894693,0.0032380003567420244,0.0034136756129805102,0.003595323831016812,0.003782835391964162,0.003976067084531286,0.004174840255376536,0.004378939073135934,0.004588108925986947,0.004802054968298754,0.0050204408262485905,0.00524288746581633,0.005468972220339709,0.005698227970409751,0.005930142468495182,0.006164157807042552,0.006399670044987549,0.006636029036595766,0.006872538550349021,0.0071084568240735654,0.007342997771875664,0.007575333129687723,0.007804595883790299,0.008029885347912692,0.00825027421065965,0.00846481773558716,0.008672565039932996,0.008872572012312886,0.009063915015879642,0.009245704190211944,0.00941709508240976,0.009577297630262584,0.00972558215193489,0.009861282727117665,0.009983798862444361,0.010092596435701243,0.010187208658959893,0.010267237390067878,0.010332354757504976,0.010382304855677007,0.010416905222598482,0.010436047872871671,0.010439699756026636,0.010427902593217,0.010400772092827026,0.01035849656000283,0.010301334910448306,0.010229614090331678,0.010143725902449559,0.01004412324810991,0.009931315813440653,0.009805865253854379,0.009668379956117459,0.009519509479341676,0.009359938790977228,0.009190382419765646,0.009011578644242055,0.0088242838235874,0.008629266959180221,0.008427304552459257,0.008219175800332337,0.008005658145927467,0.007787523182170323,0.00756553289007014,0.00734043618355695,0.007112965728358284,0.006883835003209342,0.0066537355766472725,0.006423334580441116,0.006193272369945336,0.005964160370997964,0.005736579121280604,0.005511076520475111,0.005288166307580706,0.005068326785211337,0.004851999809678583,0.0046395900625055475,0.004431464614186686,0.004227952785057578,0.004029346301627608,0.003835899740176288,0.0036478312432612825,0.0034653234893752523,0.003288524891554743,0.003117550997419288,0.0029524860609415325,0.0027933847551810448,0.002640273995158045,0.0024931548408605904,0.002352004451909071,0.0022167780674767447,0.002087410987521127,0.001963820534068338,0.0018459079740811928,0.0017335603882243254,0.0016266524725319692,0.001525048262524302,0.0014286027716645616,0.001337163538176555,0.0012505720761396047,0.0011686652284450835,0.0010912764206429295,0.0010182368159408314,0.0009493763726593752,0.0008845248063112511,0.0008235124591801232,0.0007661710808429411,0.0007123345235254006,0.0006618393565195904,0.000614525404139812,0.0005702362118597055,0.0005288194453723477,0.000490127227354638,0.0004540164167066396,0.00042034883498308644,0.0003889914446446083,0.00035981648363621674,0.00033270156065543736,0.00030752971530684323,0.0002841894471578485,0.00026257471751626294,0.0002425849275467223,0.0002241248761338043,0.00020710470068719376,0.0001914398038711532,0.00017705076902896745,0.00016386326686485306,0.0001518079557426634,0.00014082037776391411,0.00013084085259826726,0.00012181437085847094,0.00011369048863942789,0.0001064232246779283,9.997096143577491e-05,9.429635126452912e-05,8.93662286747056e-05,8.515152960559569e-05,8.162721847352154e-05,7.877222366561441e-05,7.656938204248243e-05,7.50053929155998e-05,7.407078187307239e-05,7.375987473970493e-05
170,6.973384775713193e-05,7.002109033803272e-05,7.088450342284864e-05,7.232914739903993e-05,7.436347074928164e-05,7.699933168922547e-05,8.025202822380547e-05,8.414033638236134e-05,8.868655631986215e-05,9.391656589520068e-05,9.985988125720285e-05,0.00010654972388401534,0.00011402309343128666,0.0001223208456484947,0.0001314877745204094,0.00014157269768160207,0.00015262854403580979,0.00016471244238861653,0.00017788580977124354,0.00019221443799529646,0.00020776857683331773,0.00022462301206833257,0.0002428571364978554,0.0002625550118148587,0.00028380541912105723,0.00030670189565784275,0.0003313427551689109,0.000357831089137908,0.0003862747459764701,0.0004167862850752508,0.00044948290247568193,0.0004844863247762608,0.0005219226677573642,0.0005619222560964032,0.0006046194004542068,0.0006501521281476739,0.0006986618635868698,0.0007502930546508901,0.0008051927412100163,0.0008635100620760667,0.0009253956967825092,0.0009910012387650568,0.0010604784967363592,0.0011339787213295069,0.0012116517544290748,0.001293645099020521,0.0013801029078747205,0.0014711648899508366,0.0015669651340553363,0.0016676308500466288,0.0017732810287336954,0.001884025022594488,0.001999961050547578,0.002121174631259795,0.0022477369508722526,0.0023797031725809503,0.0025171106972107955,0.0026599773857541808,0.0028082997567683366,0.0029620511734744304,0.0031211800372791263,0.0032856080061138774,0.0034552282572921558,0.003629903815327726,0.003809465965139016,0.0039937127701131815,0.004182407712520972,0.004375278470799216,0.0045720158444982765,0.004772272833751463,0.004975663876820309,0.005181764247823703,0.005390109618728921,0.0056001957968671015,0.00581147866345271,0.006023374361285512,0.006235259811473252,0.0064464736783321295,0.006656317944599796,0.006864060298222882,0.0070689375558722475,0.007270160342239956,0.007466919191908207,0.0076583921287067015,0.007843753602334247,0.008022184439343646,0.008192882239141028,0.008355071486749117,0.00850801264168144,0.008651009641283848,0.008783415594010958,0.008904636815089257,0.009014135627945173,0.009111432433461148,0.009196107450650158,0.009267802343611296,0.009326221767246083,0.009371134747836966,0.009402375775452962,0.00941984550118471,0.009423510971143918,0.009413405365647387,0.009389627234224958,0.00935233922502154,0.009301766307156187,0.009238193484083768,0.009161963000185274,0.009073471053585138,0.008973164044584415,0.008861534408399232,0.008739116099836903,0.008606479813172536,0.008464228030662498,0.008312989996697278,0.008153416711385229,0.007986176028046387,0.007811947925011945,0.007631420005016222,0.007445283257248647,0.0072542280996406965,0.0070589407037503745,0.006860099592794254,0.006658372495573833,0.0064544134353456736,0.006248860032737541,0.006042331004912573,0.005835423848411116,0.005628712699452677,0.0054227463719947406,0.005218046579692212,0.005015106352451964,0.004814388661133984,0.004616325264948845,0.004421315795284139,0.004229727087270306,0.004041892766696776,0.0038581130953050224,0.0036786550724269254,0.003503752785794494,0.003333607999460429,0.0031683909624102683,0.003008241417811334,0.0028532697900498683,0.002703558524803052,0.0025591635563636038,0.0024201158762195345,0.0022864231773942773,0.002158071550154911,0.0020350272062713967,0.0019172382109305728,0.0018046362035559042,0.0016971380910515217,0.0015946476992866753,0.0014970573708915716,0.001404249499591688,0.0013160979933250431,0.0012324696602392569,0.001153225513338072,0.0010782219910351314,0.0010073120921782882,0.0009403464252378143,0.0008771741723173835,0.0008176439694605503,0.0007616047054015878,0.000708906241462125,0.0006594000557377846,0.0006129398150649261,0.0005693818785185966,0.0005285857363797237,0.0004904143886321682,0.00045473466711714054,0.0004214175054913656,0.0003903381611130433,0.0003613763929221805,0.0003344165992946374,0.00030934791973710903,0.00028606430415759136,0.0002644645532966257,0.00024445233374233356,0.00022593617078019255,0.00020882942214957637,0.00019305023559592775,0.00017852149292238496,0.00016517074305981197,0.00015293012649129228,0.00014173629318777183,0.000131530316036962,0.00012225760157889338,0.00011386779969944338,0.00010631471377835294,9.955621264108307e-05,9.355414552454449e-05,8.827426113529614e-05,8.368613175512241e-05,7.976308323270365e-05,7.648213159100448e-05,7.382392687752504e-05,7.177270478811237e-05,7.031624650394815e-05,6.944584709489358e-05,6.91562927598026e-05
171,6.532085840529772e-05,6.558810471713456e-05,6.63913906723322e-05,6.773536113708038e-05,6.962777021381256e-05,7.207950011829496e-05,7.510458738419486e-05,7.872025616902003e-05,8.294695836681421e-05,8.780842016160272e-05,9.333169458071981e-05,9.954721952826003e-05,0.00010648888069546628,0.00011419407865643352,0.00012270379936367082,0.00013206268715849057,0.0001423191193056427,0.00015352528094993295,0.00016573723927472658,0.00017901501551833597,0.00019342265337456848,0.00020902828216856888,0.00022590417305912137,0.00024412678637456011,0.00026377680804237603,0.0002849391729237285,0.00030770307271484623,0.0003321619459294466,0.0003584134473318029,0.00038655939405116043,0.0004167056854773416,0.0004489621939172847,0.00048344262288589135,0.0005202643298150311,0.0005595481098951871,0.0006014179377184732,0.0006460006633731642,0.0006934256596521224,0.0007438244170842418,0.0007973300835830709,0.0008540769456338337,0.0009141998481130749,0.0009778335500579519,0.0010451120139789343,0.0011161676266445812,0.001191130349664804,0.0012701267986646048,0.0013532792503793242,0.0014407045776211706,0.0015325131127721602,0.0016288074412580684,0.0017296811273593538,0.0018352173757257338,0.0019454876330873255,0.002060550135900227,0.002180448411026327,0.002305209738016217,0.00243484358311904,0.0025693400167474336,0.0027086681277233237,0.0028527744491431695,0.003001581412027819,0.003154985843940715,0.003312857530335451,0.003475037856401207,0.0036413385465156184,0.0038115405170597205,0.003985392856381646,0.004162611943356973,0.004342880713727818,0.004525848081880895,0.004711128525840027,0.004898301846066147,0.005086913115302,0.005276472848156012,0.005466457435939923,0.005656309914159146,0.005845441155359806,0.006033231605278818,0.0062190336997804746,0.006402175106189666,0.006581962916386986,0.00675768887198599,0.0069286356191359975,0.0070940838745641105,0.007253320249674721,0.007405645353994436,0.007550381721445544,0.0076868811093727075,0.007814530826091293,0.007932758925248785,0.008041038305617764,0.008138889904736745,0.008225885232598231,0.008301648460782844,0.008365858200625676,0.008418249016524888,0.008458612658378616,0.008486798969507516,0.008502716425767318,0.008506332273954148,0.008497672251215248,0.008476819876064377,0.008443915305416494,0.008399153753627585,0.008342783472276245,0.008275103295669994,0.008196459767395761,0.008107243876728568,0.00800788744849623,0.007898859243913588,0.007780660841013692,0.007653822370222527,0.007518898182629637,0.007376462525558147,0.007227105292682879,0.007071427905182963,0.006910039367524344,0.00674355252782732,0.006572580559695523,0.006397733670967496,0.006219616035892683,0.006038822941164398,0.0058559381331373525,0.005671531353172324,0.005486156049894989,0.005300347260581478,0.005114619658177179,0.00492946576492493,0.004745354337620658,0.004562728932661909,0.004382006661002237,0.004203577143732342,0.004027801678287952,0.0038550126233703875,0.003685513007783972,0.0035195763648251796,0.003357446789901633,0.003199339215006321,0.0030454398897837615,0.0028959070554142805,0.0027508717945693853,0.002610439038358079,0.0024746887095399035,0.002343676980326903,0.002217437622796354,0.0020959834302227342,0.001979307688425497,0.001867385677423115,0.0017601761851854213,0.001657623016991262,0.001559656485740699,0.0014661948704655676,0.0013771458321666897,0.001292407777931027,0.0012118711660103736,0.001135419746148949,0.001062931730914257,0.0009942808951056863,0.0009293376014868219,0.0008679697521135111,0.000810043665416949,0.0007554248799584455,0.0007039788864103415,0.000655571789846659,0.0006100709048584539,0.0005673452863529695,0.0005272661991626027,0.0004897075297884987,0.00045454614374272975,0.0004216621920400199,0.00039093937043168964,0.00036226513497700935,0.000335530877515968,0.0003106320645475165,0.0002874683429330982,0.00026594361574076955,0.00024596609142410583,0.00022744830939570263,0.0002103071449104626,0.00019446379602170723,0.00017984375521596364,0.00016637676817222695,0.00015399678193054743,0.00014264188459463766,0.00013225423853529476,0.0001227800089070235,0.00011416928914033166,0.00010637602492754789,9.935793808128068e-05,9.307645151220894e-05,8.74966164470026e-05,8.258704288790353e-05,7.83198342027853e-05,7.467052662816888e-05,7.161803436739808e-05,6.914460087157143e-05,6.723575680140418e-05,6.58802850833957e-05,6.507019339288886e-05,6.480069431916219e-05
172,6.115327520286228e-05,6.140177618968244e-05,6.214869828543345e-05,6.339830220977079e-05,6.515770017827274e-05,6.743687232210523e-05,7.024868946540005e-05,7.360894204781518e-05,7.753637491564551e-05,8.205272763826677e-05,8.718277993711644e-05,9.29544017413747e-05,9.939860730757286e-05,0.00010654961275914022,0.00011444489631607735,0.00012312526039425024,0.00013263489465805434,0.00014302143900930727,0.00015433604538920106,0.0001666334371591121,0.00017997196471028295,0.0001944136558322668,0.00021002425924612672,0.00022687327958145867,0.00024503400194729127,0.0002645835041169525,0.00028560265421743465,0.0003081760916862119,0.0003323921891346697,0.0003583429926393225,0.0003861241378720684,0.0004158347393813181,0.0004475772502495937,0.00048145728928295666,0.0005175834328363705,0.000556066968349964,0.000597021606667339,0.0006405631502318798,0.0006868091143138151,0.0007358782985129745,0.0007878903059132123,0.0008429650074378416,0.0009012219491746923,0.0009627797007082584,0.0010277551428186503,0.0010962626932867576,0.0011684134699864752,0.0012443143909526614,0.001324067211692665,0.0014077675006649946,0.001495503554586351,0.0015873552560529262,0.0016833928768778335,0.001783675831556425,0.0018882513863746233,0.001997153330867236,0.002110400619601672,0.002227995993586527,0.0023499245919513584,0.0024761525658668552,0.002606625707911562,0.002741268111165572,0.0028799808731353755,0.003022640860096376,0.0031690995474998943,0.003319181951679967,0.003472685667218659,0.0036293800230811787,0.0037890053692256984,0.003951272504179759,0.004115862253555867,0.004282425210281352,0.004450581650140858,0.004619921641740039,0.004790005378670805,0.004960363773559121,0.005130499368201059,0.005299887629583257,0.005467978715501531,0.005634199801760893,0.005797958060618746,0.0059586443620587,0.00611563773159758,0.006268310539537825,0.006416034320833794,0.006558186042646182,0.006694154565377213,0.0068233470030446995,0.006945194697260342,0.0070591585803965054,0.007164733803888483,0.007261453617335656,0.007348892570173736,0.007426669149544651,0.007494447965224957,0.007551941560976293,0.007598911892369394,0.007635171479691293,0.007660584227126607,0.007675065894204801,0.0076785842071287825,0.007671158601037422,0.007652859586895121,0.007623807738387582,0.007584172296197655,0.007534169390818836,0.00747405989150555,0.00740414689801288,0.007324772902589283,0.007236316660914518,0.007139189820861332,0.007033833365825959,0.006920713934018512,0.006800320076095833,0.006673158510890047,0.006539750433177533,0.006400627919193594,0.006256330465862409,0.0061074016894731974,0.005954386199727393,0.005797826656489836,0.005638261009760493,0.005476219918650424,0.00531222434255173,0.005146783297067325,0.00498039176826844,0.004813528781018634,0.004646655619935437,0.004480214204557983,0.004314625623012835,0.004150288830576294,0.003987579520788246,0.003826849177065398,0.003668424312085554,0.0035126059006560075,0.0033596690094937374,0.003209862624532515,0.00306340967325123,0.002920507236305822,0.002781326939642218,0.0026460155154364286,0.0025146955177785036,0.0023874661770763245,0.0022644043757494158,0.0021455657269219587,0.002030985737486896,0.0019206810370544895,0.001814650654857349,0.001712877327588006,0.0016153288223193975,0.0015219592600285974,0.0014327104267405388,0.0013475130608694358,0.0012662881069082734,0.0011889479271580503,0.0011153974646648458,0.001045535351919653,0.0009792549611567065,0.0009164453932509256,0.0008569924032599305,0.0008007792615811193,0.0007476875505030036,0.0006975978966282856,0.000650390640241352,0.0006059464431931556,0.0005641468372904084,0.0005248747155120693,0.00048801476864245854,0.00045345387011468314,0.0004210814120075479,0.00039078959524030643,0.00036247367706848465,0.00033603217900597627,0.0003113670582886302,0.000288383845957074,0.0002669917545756165,0.00024710375852346033,0.00022863664969748938,0.0002115110713556691,0.00019565153270939496,0.00018098640674450007,0.00016744791361636316,0.00015497209182671018,0.00014349875925008467,0.00013297146593818215,0.00012333744049167114,0.0001145475316529313,0.00010655614664029168,9.932118761562131e-05,9.280398755310364e-05,8.69692466581347e-05,8.17849703717906e-05,7.72224098883274e-05,7.325600601070351e-05,6.986333707201721e-05,6.702507155880492e-05,6.472492598502607e-05,6.294962848287013e-05,6.168888849779398e-05,6.093537289991368e-05,6.068468875146528e-05
173,5.7222187591084555e-05,5.745313573214765e-05,5.814728118330779e-05,5.9308529903806194e-05,6.0943401382180235e-05,6.30610428728608e-05,6.567324913031529e-05,6.879448744159478e-05,7.244192769834367e-05,7.663547718739309e-05,8.139781971456018e-05,8.675445860881434e-05,9.273376308318776e-05,9.936701735438583e-05,0.00010668847184472683,0.00011473539570760959,0.0001235481298310381,0.00013317013938277903,0.00014364806486553167,0.00015503177055120704,0.00016737438906030752,0.00018073236074587655,0.00019516546643209587,0.00021073685194604626,0.0002275130427682957,0.00024556394701488564,0.00026496284485119854,0.0002857863623285428,0.0003081144275287249,0.00033203020680222533,0.00035762001879388806,0.00038497322386848564,0.00041418208647952864,0.0004453416079707891,0.00047854932726390336,0.0005139050868698993,0.0005515107616704716,0.0005914699479492701,0.0006338876102174138,0.000678869683473953,0.000726522628674216,0.0007769529393500045,0.0008302665975386782,0.0008865684774365301,0.000945961695498872,0.0010085469060683878,0.001074421542028197,0.0011436790004504273,0.0012164077737488166,0.001292690527448721,0.0013726031263636472,0.0014562136117170204,0.001543581132573456,0.0016347548358455026,0.0017297727201170158,0.0018286604595662925,0.0019314302053685148,0.0020380793730882772,0.002148589425710669,0.002262924663065103,0.0023810310294213313,0.0025028349519242857,0.002628242223220693,0.002757136942054409,0.002889380525719828,0.0030248108080410605,0.0031632412360117906,0.0033044601774750598,0.003448230351415728,0.0035942883918477354,0.003742344556262103,0.0038920825905857503,0.004043159765026475,0.004195207099415921,0.004347829802890979,0.00450060796081851,0.0046530975111141685,0.004804831561235164,0.004955322104119277,0.00510406219351864,0.005250528633484335,0.005394185220351045,0.005534486546689806,0.00567088233574309,0.00580282222539578,0.005929760869975331,0.0060511631863290625,0.0061665095486931,0.0062753007429050415,0.006377062525604013,0.006471349690196161,0.006557749603359916,0.006635885227330415,0.006705417673427702,0.006766048339855495,0.006817520678078819,0.006859621616505755,0.0068921826555132255,0.006915080637883431,0.006928238193653831,0.00693162385656077,0.006925251848904384,0.006909181531876443,0.0068835165192308815,0.006848403454228161,0.006804030453632046,0.00675062522838212,0.006688452898100647,0.006617813525080403,0.006539039401862046,0.006452492133939234,0.006358559564673844,0.0062576525925818575,0.006150201931508769,0.006036654861923584,0.005917472016974439,0.00579312424062756,0.00566408954783718,0.005530850208983317,0.00539388997343482,0.005253691440602272,0.005110733581636039,0.004965489411217905,0.004818423806730301,0.004669991471347489,0.00452063503803642,0.004370783312758008,0.004220849656961575,0.004071230511410134,0.003922304065144905,0.003774429074741026,0.0036279438397487027,0.003483165340263971,0.0033403885419185713,0.003199885872274512,0.003061906870763298,0.0029266780120648494,0.0027944027003366065,0.0026652614291405616,0.002539412099425312,0.0024169904856307226,0.002298110837996549,0.002182866607545312,0.0020713312790155585,0.0019635592962579927,0.00185958706426341,0.0017594340120377426,0.0016631037009317375,0.0015705849637173254,0.0014818530606218743,0.0013968708396268547,0.001315589889553308,0.0012379516757422238,0.0011638886494491245,0.0010933253233717751,0.001026179306988179,0.0009623622965762493,0.0009017810159005875,0.0008443381045751515,0.0007899329520376378,0.0007384624759003276,0.0006898218441742222,0.0006439051415020273,0.0006006059800859495,0.0005598180564643869,0.0005214356556839388,0.0004853541047364655,0.0004514701773918078,0.0004196824527616181,0.0003898916300845977,0.0003620008023338868,0.0003359156913186236,0.00031154484698854904,0.0002887998136573666,0.00026759526584139347,0.00024784911636852134,0.00022948259935202372,0.0002124203305473794,0.00019659034752084827,0.00018192413195861567,0.00016835661633725569,0.0001558261770621702,0.00014427461606244466,0.00013364713270991313,0.0001238922878086387,0.00011496196127977571,0.00010681130504699854,9.93986925102629e-05,9.268566588136618e-05,8.663688254416126e-05,8.122006149578513e-05,7.640593082316687e-05,7.216817707153279e-05,6.848339726866026e-05,6.533105428017244e-05,6.269343608704434e-05,6.055561949645389e-05,5.890543872083679e-05,5.7733459187104686e-05,5.703295686802545e-05,5.679990336026373e-05
174,5.351878355075711e-05,5.3733314480851945e-05,5.437809933972864e-05,5.545671681961402e-05,5.697513966955927e-05,5.894174699667825e-05,6.136734130358244e-05,6.426517007596084e-05,6.76509516786117e-05,7.154290526076908e-05,7.596178431191881e-05,8.093091344713222e-05,8.647622793596499e-05,9.262631542091204e-05,9.941245920007153e-05,0.00010686868237389556,0.0001150317920776089,0.00012394142293904308,0.00013364007881633795,0.0001441731717813714,0.00015558905722316767,0.00016793906385129484,0.00018127751728291673,0.00019566175579937314,0.00021115213675973802,0.0002278120320607127,0.0002457078109355971,0.00026490880829124075,0.00028548727669230444,0.0003075183200185043,0.0003310798067446063,0.00035625226072676883,0.00038311872732454987,0.00041176461264778044,0.0004422774936939751,0.0004747468971375113,0.0005092640445490669,0.0005459215618654273,0.000584813150998483,0.0006260332215707863,0.000669676480896214,0.000715837480490904,0.0007646101176045058,0.0008160870905078253,0.0008703593065629893,0.0009275152424393048,0.000987640256224974,0.0010508158516247606,0.0011171188949294641,0.0011866207859973972,0.0012593865851032832,0.001335474098187719,0.0014149329237810144,0.001497803465677518,0.0015841159162965403,0.0016738892165763307,0.0017671299991962697,0.0018638315228919288,0.001963972606593825,0.002067516573052447,0.0021744102124716053,0.002284582777416401,0.0023979450208461155,0.0025143882895048144,0.002633783685053588,0.0027559813052406438,0.0028808095771060685,0.003008074693781608,0.0031375601660047015,0.0032690264992143296,0.0034022110072822274,0.0035368277748359872,0.003672567782016647,0.0038090992085710418,0.003946067938434235,0.004083098291177001,0.004219794012292804,0.004355739559275248,0.004490501723364759,0.004623631625971529,0.004754667122278243,0.004883135630884184,0.005008557386939429,0.00513044908786412,0.005248327868191853,0.005361715508010144,0.005470142753925338,0.005573153618427461,0.005670309526926097,0.005761193201661328,0.005845412203675529,0.005922602090175368,0.005992429176495195,0.006054592913674995,0.006108827902869866,0.00615490556869598,0.006192635509269794,0.006221866534875699,0.006242487402167123,0.006254427247290315,0.00625765571913778,0.006252182812729212,0.006238058402363919,0.006215371474871294,0.006184249065305184,0.006144854900976213,0.006097387764721502,0.006042079594404069,0.005979193342209831,0.0059090206236507075,0.005831879191586407,0.005748110274471363,0.005658075820043151,0.005562155685652937,0.0054607448144821606,0.005354250433271568,0.005243089302328441,0.005127685042974796,0.005008465561769976,0.0048858605852634025,0.004760299314101936,0.0046322082013128514,0.004502008856662847,0.004370116077184333,0.004236936003180321,0.004102864399097767,0.0039682850593676195,0.0038335683403911665,0.0036990698210519666,0.003565129095221204,0.003432068700517176,0.003300193187946651,0.003169788336926255,0.0030411205195415812,0.0029144362167858643,0.0027899616880033636,0.0026679027929469874,0.0025484449638616805,0.002431753322944741,0.0023179729385250495,0.0022072292114449347,0.002099628381501505,0.001995258142467634,0.0018941883532026121,0.0017964718316936387,0.0017021452185378544,0.0016112298963607543,0.0015237329519390075,0.0014396481683141694,0.0013589570349043009,0.001281629764497347,0.0012076263069988372,0.0011368973508655922,0.0010693853042497764,0.0010050252489721863,0.0009437458615140774,0.0008854702962426648,0.0008301170270514228,0.000777600644491995,0.0007278326062933823,0.0006807219399031096,0.0006361758963438855,0.0005941005552596074,0.0005544013815296774,0.000516983734264739,0.00048175332936503364,0.0004486166571298396,0.0004174813566582017,0.000388256548982616,0.0003608531310335461,0.00033518403264837395,0.0003111644389181223,0.0002887119802131795,0.00026774689224918347,0.0002481921485497503,0.00022997356763715127,0.00021301989723840114,0.0001972628777353046,0.00018263728701539404,0.00016908096879873235,0.0001565348464253917,0.0001449429239920085,0.00013425227662490366,0.00012441303157341275,0.00011537834170167822,0.00010710435285141116,9.955016644307787e-05,9.267779857945687e-05,8.645213681427075e-05,8.084089565017148e-05,7.581457173517735e-05,7.134639963501241e-05,6.74123089708598e-05,6.399088362787499e-05,6.106332365938112e-05,5.8613410434871056e-05,5.662747550657262e-05,5.509437359913952e-05,5.400546005969183e-05,5.335457304058415e-05,5.313802062452635e-05
175,5.0034381523164036e-05,5.0233575770409796e-05,5.083225017187614e-05,5.183368184900833e-05,5.324333978733296e-05,5.506889542552475e-05,5.732023730823636e-05,6.0009489629335416e-05,6.315103444055037e-05,6.676153724733777e-05,7.085997565874477e-05,7.546767070087586e-05,8.060832034403726e-05,8.630803473152018e-05,9.259537253313108e-05,9.950137777887607e-05,0.00010705961645760139,0.0001153062120919071,0.00012427987942437195,0.00013402195527124008,0.00014457642551849478,0.0001559899471520643,0.0001683118641292594,0.0001815942158130541,0.0001958917366052367,0.00021126184532966854,0.00022776462283392735,0.0002454627761976702,0.0002644215878604627,0.0002847088479120773,0.00030639476772601366,0.00032955187306400843,0.00035425487473751563,0.0003805805148835836,0.00040860738689938586,0.0004384157270841354,0.00047008717606153026,0.0005037045081026437,0.0005393513265407005,0.0005771117235679301,0.0006170699028331357,0.000659309763419247,0.0007039144439754148,0.0007509658260106618,0.0008005439956281749,0.0008527266632934919,0.0009075885415884901,0.0009652006813085456,0.0010256297667146398,0.001088937371257368,0.0011551791756470892,0.0012244041507543883,0.0012966537084869935,0.0013719608245010386,0.0014503491373615714,0.0015318320295620708,0.0016164116966343163,0.0017040782114128997,0.001794808591342734,0.0018885658775080324,0.001985298234787972,0.0020849380831753864,0.002187401270797999,0.0022925862995288536,0.002400373614245657,0.0025106249667973665,0.0026231828655857723,0.0027378701214289306,0.0028544895001397373,0.0029728234921631925,0.0030926342098366163,0.003213663423545195,0.003335632749393881,0.003458244003088277,0.003581179737465664,0.0037041039843081366,0.0038266632242290725,0.003948487610814789,0.0040691924758501485,0.004188380140242243,0.0043056420491040725,0.004420561238606804,0.004532715126531571,0.004641678598776183,0.0047470273423532525,0.0048483413546479455,0.004945208542459778,0.00503722831595429,0.005124015084134383,0.005205201569704803,0.005280441879775015,0.005349414290551991,0.0054118237245340435,0.005467403914418665,0.005515919257679194,0.005557166370130551,0.0055909753474441565,0.00561721074226511,0.005635772262640506,0.005646595195603837,0.005649650558291801,0.005644944978068908,0.005632520302989374,0.0056124529447534105,0.005584852958288216,0.005549862865236837,0.005507656232813041,0.0054584360243341455,0.00540243274280193,0.005339902393639866,0.005271124296622573,0.005196398779763234,0.005116044789217266,0.005030397449042067,0.004939805603008494,0.004844629367808463,0.004745237723258997,0.004642006160831455,0.0045353144074092334,0.004425544236940315,0.004313077378883993,0.0041982935292538635,0.004081568467741461,0.003963272282887415,0.0038437677064916457,0.0037234085583004225,0.0036025383023140047,0.0034814887166412668,0.0033605786795049596,0.003240113074607735,0.0031203818194702262,0.0030016590204520717,0.0028842022579105148,0.0027682520043256728,0.0026540311772495096,0.0025417448276691236,0.0024315799628873446,0.002323705501400128,0.002218272355579999,0.0021154136363437655,0.002015244972467388,0.0019178649358745955,0.001823355563116013,0.0017317829624029766,0.0016431979949794078,0.0015576370193059214,0.001475122686480004,0.0013956647755021946,0.0013192610573910973,0.001245898177715934,0.0011755525478184651,0.0011081912358009488,0.0010437728492297357,0.000982248402414511,0.0009235621620443383,0.000867652465871059,0.000814452510010045,0.0007638911012638115,0.0007158933716554537,0.0006703814530794878,0.0006272751106336852,0.0005864923337853866,0.000547949885050069,0.0005115638063204434,0.0004772498833840083,0.0004449240695093561,0.00041450286927061585,0.0003859036840194291,0.00035904512060901415,0.00033384726512936206,0.00031023192353042125,0.00028812283109510217,0.0002674458327796617,0.0002481290364689033,0.0002301029412007786,0.00021330054240236432,0.00019765741614950335,0.00018311178441818537,0.0001696045632393061,0.00015707939560193296,0.0001454826708755699,0.00013476353244093722,0.00012487387513306775,0.00011576833401151358,0.0001074042658814277,9.974172489734917e-05,9.274343348964632e-05,8.637474976256338e-05,8.060363242335205e-05,7.5400604214586e-05,7.073871473686453e-05,6.659350346701197e-05,6.294296369775806e-05,5.976750804883446e-05,5.704993612644939e-05,5.4775404838129596e-05,5.293140180280468e-05,5.150772223154878e-05,5.0496449592334654e-05,4.989194031219471e-05,4.969081271198981e-05
176,4.676045975584074e-05,4.6945344580023584e-05,4.750099828796623e-05,4.843042042411259e-05,4.9738616334024606e-05,5.1432606241955906e-05,5.352143779959129e-05,5.601620194482627e-05,5.893005186163973e-05,6.227822478298888e-05,6.6078066327975e-05,7.034905701206674e-05,7.511284051472441e-05,8.039325323218332e-05,8.621635458430276e-05,9.261045748319519e-05,9.96061583077982e-05,0.00010723636566267698,0.00011553632713126092,0.00012454365316360595,0.00013429833716691042,0.0001448427707937562,0.00015622175334886778,0.0001684824941606523,0.00018167460668959474,0.00019585009307254893,0.00021106331773102576,0.00022737096860381018,0.0002448320045008419,0.0002635075870176122,0.00028346099539882665,0.000304757522698363,0.0003274643515513149,0.00035165040785499236,0.00037738619065104764,0.00040474357651242596,0.0004337955967686497,0.00046461618595317213,0.0004972798999293093,0.0005318616022487732,0.0005684361174212532,0.0006070778499270078,0.0006478603679891992,0.0006908559513408588,0.0007361351024750015,0.0007837660211575319,0.0008338140423131141,0.0008863410377658821,0.0009414047827312247,0.0009990582884130653,0.0010593491025636223,0.0011223185804094087,0.0011880011289368984,0.001256423428161087,0.0013276036336654095,0.0014015505653950215,0.0014782628883973036,0.0015577282919203084,0.0016399226739849053,0.0017248093392193639,0.0018123382183631472,0.0019024451183852573,0.001995051012598139,0.002090061380461263,0.002187365606947933,0.00228683645139671,0.0023883295957059375,0.002491683281600097,0.002596718046569601,0.00270323656805405,0.002811023625611587,0.0029198461913018977,0.003029453659390244,0.0031395782277793298,0.003249935445223013,0.0033602249401671223,0.003470131348636104,0.003579325459417187,0.0036874655942348293,0.0037941992379564105,0.003899164928505205,0.004001994407713261,0.004102315022904529,0.004199752355240287,0.004293933036128678,0.004384487699196842,0.004471054004590863,0.0045532796666070685,0.004630825415982977,0.004703367834505636,0.004770602010579989,0.0048322439777864394,0.00488803291177546,0.004937733072134114,0.00498113548409573,0.005018059360087493,0.005048353263699316,0.0050718960195203135,0.005088597372168103,0.005098398397292111,0.005101271666769114,0.005097221170041106,0.0050862819938347755,0.005068519763552148,0.005044029851541305,0.005012936360221979,0.0049753908914896,0.0049315711176685356,0.004881679173170636,0.004825939889559403,0.004764598899580864,0.0046979206376384,0.004626186265008368,0.004549691547782978,0.004468744714165004,0.0043836643154959755,0.004294777112510469,0.0042024160050420775,0.00410691802003206,0.004008622369455805,0.003907868586886011,0.003804994748997423,0.0037003357864640223,0.0035942218874206993,0.0034869769959166904,0.003378917407492374,0.003270350464049314,0.0031615733504257466,0.003052871995405745,0.002944520080161017,0.0028367781572521764,0.002729892883230478,0.002624096367540599,0.002519605639818419,0.0024166222368198964,0.0023153319091447446,0.0022159044466846366,0.00211849362039263,0.0020232372366049273,0.0019302572988128155,0.0018396602705403745,0.0017515374318818708,0.0016659653213295432,0.0015830062538034527,0.0015027089052935066,0.001425108954241576,0.001350229769720836,0.0012780831365940058,0.0012086700081301118,0.0011419812770047354,0.001077998556173586,0.0010166949617653187,0.0009580358908595078,0.0009019797877744001,0.0008484788932639697,0.0007974799717956295,0.0007489250128327601,0.000702751902767366,0.0006588950648281747,0.0006172860649216698,0.0005778541819436735,0.0005405269416250472,0.0005052306134463757,0.000471890670574007,0.00044043221313537343,0.0004107803554676426,0.0003828605782434567,0.0003565990466040543,0.00033192289561685077,0.0003087604845249638,0.00028704162137357524,0.0002666977596856423,0.00024766216892040886,0.0002298700804853493,0.00021325881108836446,0.00019776786521483227,0.00018333901849591425,0.0001699163837025865,0.0001574464610562857,0.00014587817449377357,0.00013516289546258836,0.00012525445575589737,0.00011610915082314661,0.00010768573491694769,9.994540935831194e-05,9.285180512267218e-05,8.637096086901169e-05,8.047129745460927e-05,7.512358989903989e-05,7.030093768365689e-05,6.59787341972237e-05,6.213463606495742e-05,5.874853302719359e-05,5.580251896529189e-05,5.328086460631092e-05,5.116999237434625e-05,4.9458453795150504e-05,4.813690980157987e-05,4.719811423033626e-05,4.663690074515502e-05,4.645017336774849e-05
177,4.368868316995069e-05,4.3860234485721655e-05,4.437580269365873e-05,4.5238132145980833e-05,4.6451801976448866e-05,4.8023233846510465e-05,4.9960702641546376e-05,5.2274349967801986e-05,5.497620025639925e-05,5.8080179235545974e-05,6.160213448548268e-05,6.555985774264865e-05,6.997310856984997e-05,7.486363895774958e-05,8.025521836968136e-05,8.617365868657476e-05,9.26468384516647e-05,9.970472575571358e-05,0.00010737939904280737,0.00011570506505459663,0.00012471807306739857,0.00013445692451220895,0.0001449622770028229,0.00015627694173247223,0.000168445873135281,0.00018151614964616764,0.00019553694433242986,0.00021055948411311044,0.00022663699622943538,0.00024382464058234638,0.0002621794265127216,0.00028176011256772287,0.0003026270877743359,0.00032484223293021157,0.0003484687604240573,0.0003735710311148544,0.00040021434683289853,0.00042846471711796737,0.00045838859888269116,0.0004900526077843638,0.0005235232002078885,0.0005588663249081984,0.00059614704353418,0.0006354291194596948,0.0006767745745824428,0.0007202432140198092,0.000765892118933964,0.0008137751080576335,0.0008639421688681367,0.0009164388597710976,0.00097130568510672,0.0010285774452799944,0.0010882825648399221,0.0011504424018888484,0.0012150705427866248,0.0012821720867189695,0.0013517429253162084,0.0014237690231261098,0.0014982257053488448,0.0015750769598168396,0.0016542747607294001,0.001735758422112759,0.0018194539893530324,0.0019052736774284758,0.0019931153646408272,0.0020828621507158135,0.002174381988125736,0.002267527395413617,0.0023621352612164448,0.002458026747655934,0.0025550073018575483,0.0026528667846357845,0.002751379725886363,0.0028503057169497687,0.0029493899510819386,0.003048363924023368,0.0031469463072323913,0.0032448440062808883,0.0033417534157741905,0.003437361879518441,0.0035313493601672927,0.0036233903160764564,0.0037131557747203396,0.003800315582299425,0.0038845407989983836,0.003965506199950231,0.004042892834628247,0.0041163905932499545,0.0041857007284856395,0.004250538284287276,0.004310634390258665,0.004365738388430434,0.004415619768177177,0.004460069893114982,0.004498903510387896,0.004531960037531082,0.004559104625213877,0.004580228995961406,0.004595252059838661,0.0046041203084500396,0.00460680798880871,0.004603317058962516,0.004593676927967423,0.004577943984041677,0.004556200916583621,0.004528555840155624,0.004495141231384571,0.004456112692784403,0.004411647560501577,0.004361943375649047,0.004307216240990844,0.004247699086092481,0.004183639864567436,0.004115299706716792,0.004042951049746262,0.003966875765984777,0.0038873633072969037,0.0038047088813749027,0.0037192116730114513,0.0036311731209685907,0.003540895258816426,0.003448679126218516,0.0033548232556454235,0.00325962223841462,0.003163365373255061,0.003066335400218127,0.002968807322621775,0.002871047319729196,0.0027733117529339492,0.002675846268265058,0.0025788849979673017,0.002482649863702267,0.0023873499835241336,0.002293181184201405,0.0022003256196918407,0.0021089514956590203,0.0020192128988836323,0.0019312497293170144,0.0018451877313982947,0.001761138620158688,0.0016792002966122199,0.001599457146019877,0.0015219804118441324,0.0014468286376040369,0.0013740481684093371,0.0013036737036982505,0.0012357288926227248,0.001170226963605791,0.0011071713798215753,0.0010465565126998042,0.0009883683260113211,0.0009325850636267786,0.0008791779346350792,0.0008281117901406903,0.0007793457867107409,0.0007328340320974522,0.0006885262095051026,0.0006463681772921317,0.000606302541589432,0.0005682691998689825,0.0005322058540084007,0.0004980484918641822,0.00046573183678829717,0.0004351897648995136,0.00040635569025336364,0.0003791629183447541,0.0003535449686270477,0.00032943586694348845,0.0003067704089438142,0.00028548439570353176,0.00026551484287840315,0.00024680016481491387,0.00022928033510150438,0.00021289702508766098,0.00019759372192099204,0.0001833158276584247,0.00017001074099879247,0.00015762792316233586,0.00014611894940988964,0.00013543754765249402,0.0001255396255524537,0.00011638328746093467,0.00010792884247636143,0.00010013880484336343,9.297788784488095e-05,8.641299227123001e-05,8.041319048025973e-05,7.494970699292463e-05,6.99958964992265e-05,6.552722008104578e-05,6.152122039126379e-05,5.795749646306715e-05,5.4817678759632986e-05,5.2085405012638824e-05,4.974629733828734e-05,4.7787941061767664e-05,4.6199865625231036e-05,4.497352790032119e-05,4.4102298173912365e-05,4.358144902477482e-05,4.340814725918479e-05
178,4.081092785493864e-05,4.097007222547083e-05,4.1448341568013125e-05,4.224824591015425e-05,4.337397306083965e-05,4.48313951863165e-05,4.662807787907261e-05,4.877329158150097e-05,5.1278025185271125e-05,5.4155001585731376e-05,5.741869492793743e-05,6.108534923695186e-05,6.517299807976551e-05,6.970148485945998e-05,7.469248329400216e-05,8.016951758231339e-05,8.615798170901452e-05,9.268515728658157e-05,9.978022927968775e-05,0.0001074742989014419,0.00011580039291531756,0.0001247934685201341,0.00013449041293890136,0.00014493003677617324,0.0001561530601533487,0.00016820209057778624,0.0001811215914504341,0.00019495784006879333,0.0002097588739383917,0.0002255744241676326,0.00024245583468905386,0.0002604559660259597,0.0002796290823084154,0.00030003072023816177,0.0003217175387096032,0.000344747147815229,0.00036917791600023686,0.00039506875418439413,0.0004224788757409589,0.00045146753131446215,0.0004820937175729766,0.000514415859127811,0.0005484914630159482,0.0005843767453295252,0.0006221262297936485,0.0006617923183401777,0.0007034248340019015,0.000747070536759724,0.0007927726133156396,0.0008405701421366585,0.0008904975355190482,0.0009425839608573287,0.0009968527437663817,0.0010533207561948304,0.0011119977931790539,0.001172885942413826,0.001235978951349799,0.0013012615970601495,0.0013687090646370462,0.0014382863403699197,0.0015099476264074088,0.001583635783998782,0.0016592818127350846,0.0017368043734546858,0.001816109362636694,0.0018970895461804052,0.001979624260470358,0.00206357918857589,0.0021488062193628647,0.0022351433972427493,0.002322414970292357,0.0024104315445815684,0.0024989903527629525,0.002587875645289732,0.0026768592129722676,0.002765701049833561,0.002854150165192912,0.002941945553349569,0.003028817327879785,0.0031144880251372355,0.003198674077864641,0.0032810874548273223,0.0033614374562102385,0.0034394326475582562,0.003514782907894495,0.0035872015610968807,0.003656407554461189,0.003722127645317307,0.0037840985559946284,0.0038420690593584357,0.0038958019611637093,0.003945075950894903,0.003989687298754762,0.004029451382276564,0.004064204031117187,0.004093802682661794,0.004118127344091063,0.00413708135865348,0.00415059197526758,0.004158610721509989,0.004161113580783458,0.004158100975239239,0.004149597557038336,0.004135651811899097,0.0041163354806382085,0.0040917428065296016,0.004061989618668741,0.0040272122639719585,0.0039875664027683305,0.003943225684963952,0.003894380325311546,0.003841235597286238,0.0037840102653932083,0.003722934975417741,0.003658250621231125,0.0035902067053889607,0.00351905970903333,0.003445071484681843,0.0033685076834980114,0.0032896362267171987,0.0032087258291544577,0.0031260445812182746,0.0030418585946377944,0.00295643071618884,0.0028700193130558986,0.0027828771330509275,0.0026952502426675334,0.0026073770458152836,0.0025194873859871354,0.0024318017345021222,0.0023445304672848077,0.002257873232354924,0.0021720184097829224,0.002087142665312673,0.0020034105981683154,0.001920974482767292,0.0018399741031841451,0.0017605366782839642,0.0016827768745077119,0.0016067969023811357,0.0015326866919691809,0.0014605241417386858,0.0013903754346476058,0.0013222954147661583,0.001256328017364155,0.001192506745172608,0.0011308551834435644,0.0010713875464818277,0.001014109248493536,0.0009590174918741559,0.0009061018664251781,0.0008553449534267875,0.0008067229289850684,0.000760206161599956,0.0007157597994484281,0.0006733443434324588,0.0006329162025910995,0.0005944282290107889,0.0005578302298797782,0.0005230694548154034,0.0004900910570425814,0.00045883852741562467,0.0004292541006517723,0.0004012791334833323,0.000374854454736435,0.0003499206876091725,0.00032641854465190705,0.0003042890961496198,0.00028347401277245066,0.00026391578349824034,0.0002455579099222091,0.00022834507815614017,0.0002122233095848063,0.00019714009179305612,0.00018304449100501783,0.00016988724738928245,0.00015762085458255923,0.00014619962477093306,0.00013557974064414626,0.00012571929550582887,0.00011657832278273565,0.0001081188161301374,0.00010030474127975163,9.310204072207978e-05,8.647863225771041e-05,8.040440239291989e-05,7.485119549450789e-05,6.979279955789686e-05,6.520492938165514e-05,6.106520788123067e-05,5.735314621517387e-05,5.405012333876927e-05,5.113936554299491e-05,4.86059264812216e-05,4.6436668132125086e-05,4.4620243094927675e-05,4.3147078562276556e-05,4.2009362266721406e-05,4.1201030648756307e-05,4.071775944758479e-05,4.055695686997456e-05
179,3.8119303303289824e-05,3.826691999125115e-05,3.871053472687523e-05,3.945244265343042e-05,4.0496472751787695e-05,4.1847993390225427e-05,4.351391996717857e-05,4.5502724519225294e-05,4.782444712908881e-05,5.04907089301734e-05,5.3514726465017926e-05,5.6911327114918185e-05,6.069696527675176e-05,6.488973892066586e-05,6.950940611872397e-05,7.457740108985203e-05,8.011684926051458e-05,8.615258079357198e-05,9.271114198985168e-05,9.982080391829747e-05,0.00010751156758138634,0.00011581516487313325,0.00012476505453781967,0.00013439641228903552,0.00014474611420124654,0.00015585271244050275,0.00016775640235778551,0.0001804989799286318,0.00019412378848694418,0.00020867565367025087,0.00022420080546915408,0.00024074678625642711,0.00025836234366237464,0.00027709730716392875,0.0002970024472668326,0.00031812931618454274,0.00034053006895556876,0.0003642572639943083,0.0003893636421404699,0.00041590188336037496,0.0004439243403611928,0.00047348274850792795,0.0005046279115840505,0.0005374093631113292,0.0005718750031438452,0.000608070710676356,0.0006460399320589846,0.0006858232460892431,0.0007274579067589495,0.0007709773649675935,0.0008164107708745056,0.0008637824589486191,0.0009131114181845882,0.000964410750384605,0.0010176871198523095,0.001072940198303296,0.0011301621092590548,0.0011893368766494555,0.0012504398827933635,0.0013134373413468184,0.0013782857911917787,0.0014449316175742023,0.0015133106070775067,0.0015833475432279706,0.0016549558496676067,0.0017280372878979871,0.0018024817166021213,0.0018781669195044534,0.0019549585086513204,0.002032709909910106,0.002111262437419224,0.0021904454636912513,0.0022700766920819506,0.002349962538368623,0.0024298986281796674,0.002509670416892022,0.0025890539382335776,0.002667816687031714,0.002745718640161982,0.0028225134176145797,0.0028979495826073768,0.0029717720758254264,0.003043723774281601,0.003113547160242597,0.003180986080558049,0.003245787572068767,0.0033077037250680516,0.0033664935544804476,0.0034219248477632878,0.0034737759595524593,0.0035218375255494727,0.003565914071679342,0.0036058254986427686,0.003641408426159897,0.0036725173850732334,0.003699025848803562,0.003720827098339879,0.003737834917018814,0.0037499841129212414,0.0037572308679431586,0.0037595529136602085,0.003756949535166158,0.0037494414052585637,0.003737070252753493,0.003719898370360378,0.0036980079694028446,0.0036715003906454616,0.0036404951824574854,0.0036051290593748283,0.003565554755676756,0.003521939789763036,0.003474465155824206,0.0034233239595088194,0.0033687200140163054,0.0033108664123308942,0.0032499840902394596,0.0031863003934428117,0.0031200476605826926,0.003051461832470425,0.0029807810963110577,0.00290824457234444,0.0028340910491249593,0.0027585577726642,0.0026818792938718946,0.002604286378136641,0.0025260049804591415,0.0024472552892465796,0.0023682508416505987,0.0022891977131360808,0.0022102937837598954,0.002131728083381625,0.002053680217695027,0.001976319876543557,0.001899806425460496,0.0018242885807592665,0.001749904167806466,0.001676779961359835,0.001605031606071533,0.0015347636144717055,0.0014660694389866007,0.0013990316138360124,0.0013337219620197967,0.0012702018620615236,0.0012085225687427357,0.0011487255817422132,0.0010908430558942556,0.0010348982466965942,0.000980905984726306,0.0009288731727517289,0.0008787992995481028,0.0008306769647209969,0.0007844924092002536,0.0007402260464736991,0.000697852990070324,0.0006573435732639613,0.0006186638574389787,0.0005817761260289202,0.0005466393613987202,0.0005132097024840882,0.0004814408814223894,0.0004512846378038061,0.0004226911095369443,0.00039560919965766995,0.000369986918713048,0.00034577170262380455,0.0003229107061693202,0.00030135107244981833,0.00028104017886251256,0.0002619258602836207,0.00024395661027807683,0.00022708176126532984,0.0002112516446546593,0.00019641773202884027,0.00018253275850257803,0.00016955082941369788,0.00015742751152232284,0.00014611990989785018,0.000135586731666996,0.0001257883377799806,0.0001166867839274541,0.00010824585170927912,0.0001004310711189819,9.320973536562985e-05,8.655090900907522e-05,8.042543033580466e-05,7.480590885183862e-05,6.966671871692618e-05,6.498398889127942e-05,6.073559071279936e-05,5.690112356959362e-05,5.3461899279920395e-05,5.040092573979317e-05,4.7702890347549985e-05,4.5354143664875006e-05,4.3342683725144135e-05,4.165814135258567e-05,4.02917668095886e-05,3.923641804450404e-05,3.8486550768381474e-05,3.8038210546143085e-05,3.788902704558534e-05
180,3.560617250380608e-05,3.574309556773942e-05,3.615456389706819e-05,3.6842675851493555e-05,3.7810931837555074e-05,3.906423896073868e-05,4.0608917421273425e-05,4.2452708535865903e-05,4.4604784233141285e-05,4.707575783547508e-05,4.987769590410703e-05,5.302413088783599e-05,5.6530074278135335e-05,6.041202993515799e-05,6.468800720980039e-05,6.93775334467828e-05,7.450166541262722e-05,8.008299915056712e-05,8.614567772193624e-05,9.271539625064289e-05,9.981940364417267e-05,0.00010748650032147054,0.00011574703123538432,0.00012463287343552024,0.00013417741737685533,0.00014441554114082034,0.00015538357669944356,0.0001671192673202277,0.0001796617151804945,0.00019305131823583001,0.00020732969536890852,0.0002225395988333668,0.00023872481300358804,0.0002559300384463495,0.0002742007603454547,0.0002935831003369104,0.00031412365085115045,0.0003358692911115186,0.0003588669840059374,0.00038316355313268945,0.00040880543942271755,0.0004358384368610254,0.0004643074069697297,0.0004942559718761385,0.0005257261859718223,0.0005587581863738012,0.0005933898226272765,0.00062965626634117,0.0006675896017231506,0.0007072183982795219,0.0007485672672665497,0.0007916564038221712,0.0008365011170685301,0.0008831113508535677,0.000931491198190185,0.0009816384128494505,0.0010335439219639744,0.0010871913438918576,0.0011425565159723491,0.0011996070371625715,0.0012583018308708939,0.0013185907335873596,0.0013804141151464264,0.0014437025366352205,0.0015083764520773303,0.0015743459600772126,0.0016415106116072315,0.0017097592800663294,0.0017789700996483993,0.001849010477943849,0.001919737188573102,0.0019909965495242075,0.0020626246927360854,0.002134447930315468,0.0022062832225588666,0.002277938752605772,0.002349214611987078,0.002419903600447638,0.0024897921421050072,0.002558661318164864,0.0026262880139957855,0.0026924461753857045,0.002756908165359066,0.0028194462092197415,0.002879833911775775,0.002937847827326201,0.002993269060280003,0.0030458848725119963,0.00309549027291209,0.0031418895650837534,0.0031848978306786273,0.0032243423281823696,0.0032600637897895633,0.003291917602013026,0.003319774858600139,0.0033435232769887676,0.0033630679718302447,0.0033783320810215865,0.0033892572412734497,0.0033958039115867104,0.0033979515442300445,0.0033956986040120565,0.0033890624379114245,0.003378078998519705,0.0033628024262748156,0.0033433044970882257,0.003319673943630189,0.003292015660146335,0.0032604498021378244,0.003225110793453589,0.0031861462542417916,0.0031437158637397213,0.0030979901720284294,0.0030491493746529355,0.0029973820634502674,0.0029428839660964974,0.002885856685854269,0.0028265064518531863,0.0027650428890438096,0.0027016778158001475,0.0026366240760604086,0.0025700944119302982,0.0025023003818489707,0.002433451328740284,0.0023637534020319864,0.002293408637002341,0.0022226140945788017,0.002151561064434031,0.0020804343339672488,0.0020094115254928576,0.0019386625036574268,0.0018683488547514542,0.0017986234391622594,0.0017296300177255498,0.0016615029521795327,0.0015943669793175945,0.0015283370577891546,0.0014635182858326813,0.0014000058875612707,0.0013378852647811048,0.0012772321107269889,0.0012181125815650252,0.0011605835210551666,0.0011046927333969111,0.0010504792990067033,0.0009979739277985794,0.0009471993444593292,0.0008981707002216962,0.0008508960057368842,0.0008053765798217304,0.0007616075090957331,0.0007195781138172655,0.0006792724155650497,0.0006406696027789099,0.0006037444905621195,0.0005684679715464828,0.000534807455021886,0.0005027272919269348,0.0004721891836802637,0.00044315257319817836,0.0004155750167896786,0.0003894125359419003,0.0003646199483057865,0.00034115117746237887,0.00031895954129418087,0.00029799801900380125,0.0002782194970141795,0.0002595769941520921,0.00024202386666053783,0.00022551399370736953,0.00021000194415864712,0.00019544312546716282,0.00018179391559098836,0.0001690117789052579,0.00015705536710425522,0.00014588460611169094,0.00013546077002626506,0.00012574654312856132,0.00011670607096531082,0.00010830500150930052,0.00010051051736881963,9.329135999058775e-05,8.661784676555916e-05,8.046188190872778e-05,7.479696194286704e-05,6.959817657274104e-05,6.484220569134892e-05,6.0507313213763494e-05,5.6573338387573755e-05,5.3021685182236096e-05,4.983531031311318e-05,4.6998710409894546e-05,4.449790879365496e-05,4.232044228215967e-05,4.04553483992681e-05,3.8893153321467307e-05,3.762586085269248e-05,3.6646942677635206e-05,3.5951330103640774e-05,3.5535407461967464e-05,3.5397007300511764e-05
181,3.3264170015895905e-05,3.33911904413049e-05,3.377289092872571e-05,3.4411189900860275e-05,3.5309287343908186e-05,3.647166867625251e-05,3.790411005669387e-05,3.9613685023826375e-05,4.160877232650173e-05,4.3899064773198464e-05,4.6495578895419185e-05,4.941066518691469e-05,5.265801864653116e-05,5.625268931777094e-05,6.021109248274598e-05,6.455101813211659e-05,6.929163929590277e-05,7.445351878282897e-05,8.005861383824866e-05,8.613027819286934e-05,9.269326093668459e-05,9.977370161499026e-05,0.00010739912090644286,0.00011559840620719008,0.00012440179141060882,0.00013384083013962396,0.00014394836165851658,0.00015475846866419248,0.0001663064261337588,0.00017862864038670545,0.00019176257750682166,0.00020574668026207283,0.00022062027266094096,0.0002364234512921744,0.0002531969626125079,0.00027098206537476036,0.0002898203774278598,0.0003097537061718713,0.0003308238620161023,0.00035307245426789393,0.0003765406689748336,0.00040126902835482565,0.00042729713157767246,0.00045466337680939977,0.00048340466459721385,0.0005135560828593155,0.0005451505739501982,0.000578218584498697,0.0006127876989628408,0.0006488822581120003,0.0006865229639320781,0.0007257264727521362,0.0007665049787089496,0.0008088657899968151,0.000852810900690106,0.0008983365612712192,0.0009454328513415463,0.0009940832583318047,0.0010442642663536386,0.0010959449596393256,0.0011490866452928733,0.001203642500315996,0.0012595572480693133,0.0013167668694766665,0.0013751983543747901,0.0014347694984501304,0.0014953887511908815,0.0015569551202195856,0.0016193581372666783,0.0016824778909059804,0.0017461851310061427,0.00181034144966028,0.0018747995431348653,0.0019394035591125364,0.002003989533161996,0.0020683859179063888,0.00213241420772044,0.0021958896608986313,0.0022586221200350705,0.0023204169297879494,0.0023810759492445075,0.0024403986537780073,0.0024981833186736835,0.002554228274032154,0.0026083332177233107,0.002660300570679002,0.0027099368567971684,0.0027570540883675738,0.002801471137337262,0.0028430150729427607,0.0028815224471845104,0.002916840511168945,0.0029488283473083966,0.0029773579045483884,0.0030023149260050026,0.0030235997605033687,0.0030411280514280794,0.0030548312979976865,0.0030646572855751422,0.003070570382972871,0.003072551705970509,0.0030705991475007276,0.0030647272762264486,0.003054967106560308,0.0030413657445656564,0.0030239859156012067,0.003002905380979112,0.0029782162522348663,0.0029500242127881715,0.002918447657743255,0.0028836167632849425,0.0028456724975423333,0.0028047655849062643,0.0027610554356128705,0.002714709051975532,0.0026658999220077794,0.0026148069103859714,0.002561613155811604,0.002506504982905598,0.002449670835851155,0.002391300240138192,0.002331582797979585,0.00227070722228395,0.0022088604134858822,0.0021462265830466004,0.002082986427031682,0.0020193163528281085,0.0019553877617572253,0.0018913663900499676,0.0018274117103540257,0.0017636763956212344,0.0017003058468639718,0.0016374377858637496,0.0015752019134613754,0.0015137196335592933,0.0014531038424311392,0.0013934587823730697,0.0013348799581607777,0.0012774541142114187,0.001221259269807453,0.0011663648092353784,0.0011128316232405045,0.0010607122978109548,0.001010051345988736,0.0009608854781686472,0.0009132439061895576,0.0008671486764466742,0.0008226150272547729,0.0007796517657655918,0.0007382616598805477,0.0006984418407942706,0.0006601842120459563,0.0006234758612347886,0.0005882994708632726,0.0005546337250993048,0.0005224537095859223,0.0004917313017694625,0.000462435549555899,0.00043453303643593616,0.00040798823153757115,0.00038276382336682854,0.00035882103628058265,0.0003361199289980362,0.00031461967469837543,0.0002942788224708505,0.0002750555400799811,0.000256907838183099,0.00023979377629066763,0.00022367165089262912,0.00020850016628748302,0.00019423858874605566,0.00018084688472021717,0.00016828584386943134,0.0001565171877262693,0.00014550366485717878,0.00013520913339813378,0.00012559863185753056,0.00011663843908201745,0.00010829612427598555,0.00010054058795326204,9.334209468114753e-05,8.667229845324897e-05,8.050426149945084e-05,7.481246730962196e-05,6.957282861299849e-05,6.476269101825289e-05,6.036083298063544e-05,5.6347462722755404e-05,5.270421269499536e-05,4.941413212059201e-05,4.646167812938151e-05,4.383270594334864e-05,4.1514458536635036e-05,3.949555615269893e-05,3.776598602198279e-05,3.6317092584793244e-05,3.514156848615666e-05,3.4233446572173984e-05,3.358809308082188e-05,3.320220218417428e-05,3.307379200356424e-05
182,3.10862181500604e-05,3.120408600566733e-05,3.155827407564111e-05,3.2150536520940186e-05,3.298379910067898e-05,3.406216235883902e-05,3.53909059863708e-05,3.6976494259011174e-05,3.882658242212991e-05,4.095002386452909e-05,4.3356877893289046e-05,4.605841789143788e-05,4.906713960938883e-05,5.239676930972955e-05,5.606227145307259e-05,6.007985558032474e-05,6.446698201397052e-05,6.924236596788956e-05,7.442597962197152e-05,8.003905168452612e-05,8.610406393241932e-05,9.264474418625453e-05,9.968605514606132e-05,0.00010725417848220047,0.00011537649354694557,0.00012408155004490823,0.00013339903397564532,0.00014335972613997873,0.00015399545248339237,0.0001653390255360094,0.00017742417619981833,0.00019028547513077793,0.0002039582429670007,0.00021847844866524315,0.00023388259522730848,0.0002502075921266012,0.0002674906137838945,0.00028576894349131306,0.0003050798022455269,0.0003254601620261111,0.0003469465431438279,0.000369574795387064,0.00039337986281357234,0.0004183955321696996,0.0004446541650709786,0.0004721864142467661,0.0005010209243377243,0.0005311840179384294,0.0005626993677979796,0.0005955876563286252,0.0006298662238252073,0.000665548707065203,0.0007026446702385209,0.0007411592304454136,0.0007810926802968303,0.0008224401104504181,0.0008651910352126643,0.0009093290246281103,0.0009548313467543484,0.0010016686240803064,0.0010498045082785498,0.0010991953776835514,0.001149790062050985,0.0012015295992730028,0.0012543470287973472,0.0013081672265219386,0.0013629067859112407,0.001418473950007956,0.001474768598896825,0.0015316822970202553,0.0015890984045511198,0.0016468922567963902,0.0017049314153311785,0.0017630759942338875,0.00182117906438817,0.0018790871383057304,0.001936640737267205,0.001993675041734294,0.002050020624915338,0.0021055042680404074,0.002159949854313431,0.0022131793366810377,0.0022650137725497275,0.0023152744164915023,0.0023637838599309593,0.0024103672049505366,0.002454853257830463,0.002497075726879664,0.002536874408594861,0.0025740963462344375,0.00260859694548015,0.0026402410329018954,0.002668903844322698,0.0026944719317732995,0.002716843979405856,0.0027359315204046734,0.002751659548521893,0.002763967019345321,0.0027728072377734697,0.0027781481294510586,0.002779972395141411,0.0027782775482160034,0.002773075836654029,0.002764394052179085,0.002752273230410923,0.002736768247154329,0.00271794731714713,0.0026958914026985643,0.0026706935406196615,0.002642458096635195,0.0026112999570392465,0.0025773436676943527,0.0025407225305745674,0.0025015776679278273,0.0024600570638085182,0.002416314592242904,0.0023705090406799306,0.0023228031366918003,0.002273362585164679,0.0022223551224970868,0.002169949593632038,0.0021163150571101336,0.0020616199227572176,0.0020060311261157907,0.0019497133432906124,0.0018928282494963204,0.0018355338242547897,0.0017779837058764364,0.001720326597556347,0.0016627057271078275,0.0016052583620299655,0.0015481153812528475,0.0014914009045188025,0.0014352319799393657,0.001379718329818357,0.0013249621543579386,0.0012710579923759656,0.001218092637670646,0.001166145109184879,0.0011152866726603513,0.0010655809110426742,0.0010170838405144885,0.0009698440687026318,0.0009239029913351506,0.0008792950234186962,0.0008360478608688209,0.0007941827684546834,0.0007537148899133864,0.0007146535761434328,0.0006770027274960447,0.0006407611463406418,0.0006059228962792784,0.0005724776646166076,0.0005404111249492772,0.0005097052970141542,0.0004803389012214786,0.0004522877055906739,0.0004255248630975141,0.00040002123772694986,0.0003757457178021193,0.00035266551542379983,0.000330746451103311,0.00030995322290392374,0.00029024965961995866,0.00027159895771832154,0.0002539639019439702,0.00023730706964885954,0.000221591019043665,0.00020677846169365877,0.00019283241968530218,0.0001797163679793262,0.00016739436254030435,0.00015583115489302212,0.0001449922938033981,0.00013484421481739357,0.00012535431841634355,0.00011649103756249931,0.00010822389541532207,0.00010052355399818152,9.336185458753418e-05,8.671185058326157e-05,8.054783360046376e-05,7.484535350039839e-05,6.95812330521321e-05,6.47335778874748e-05,6.0281782380479075e-05,5.620653204972659e-05,5.248980304724956e-05,4.91148592626483e-05,4.60662475351107e-05,4.33297914299027e-05,4.089258399972338e-05,3.874297991529115e-05,3.6870587313799195e-05,3.5266259678552455e-05,3.3922088028247104e-05,3.28313936600114e-05,3.198872165650254e-05,3.138983533402895e-05,3.10317117758013e-05,3.091253856194918e-05
183,2.906554138113487e-05,2.9174967991904354e-05,2.9503782474713677e-05,3.005358931300066e-05,3.0827064405937914e-05,3.182795766303413e-05,3.306109654532091e-05,3.45323904615744e-05,3.6248835901451575e-05,3.8218522160561804e-05,4.045063748530118e-05,4.295547543772043e-05,4.574444125276053e-05,4.883005793187679e-05,5.222597178840378e-05,5.59469571310361e-05,6.0008919742584426e-05,6.442889878181017e-05,6.922506670677749e-05,7.441672678894695e-05,8.002430775837432e-05,8.606935509210097e-05,9.25745184304126e-05,9.956353457941269e-05,0.00010706120553367368,0.00011509337092999819,0.00012368687432299876,0.00013286952265578758,0.00014267003828510435,0.00015311800291029196,0.00016424379275028881,0.00017607850431292066,0.00018865387010695263,0.0002020021636603483,0.0002161560932287472,0.00023114868360710222,0.0002470131454955142,0.00026378273191836685,0.0002814905812546875,0.0003001695465080173,0.00031985201052669445,0.0003405696869810352,0.0003623534070130424,0.0003852328915975204,0.00040923650979124453,0.000434391023199398,0.0004607213171559682,0.00048825011929709366,0.0005169977064031384,0.0005469816005959237,0.0005782162562011103,0.0006107127388208496,0.0006444783984067254,0.0006795165383754083,0.0007158260830665183,0.0007534012461005693,0.000792231202450572,0.0008322997672894198,0.0008735850849115527,0.0009160593312462764,0.0009596884336759034,0.0010044318120391432,0.0010502421448336653,0.0010970651647270013,0.00114483948753832,0.0011934964788627232,0.0012429601624735498,0.0012931471745568856,0.001343966767707302,0.0013953208684461544,0.0014471041918143609,0.0014992044163392017,0.0015515024223747692,0.0016038725964590236,0.0016561832039022509,0.0017082968313019923,0.0017600709000438885,0.0018113582510708537,0.0018620078002620781,0.0019118652626448096,0.0019607739423668337,0.002008575583907496,0.002055111278445094,0.002100222417697523,0.0021437516859995997,0.0021855440799740788,0.002225447943992414,0.0022633160087900095,0.0022990064201565364,0.002332383744587638,0.0023633199391454784,0.0023916952734841196,0.002417399192979694,0.0024403311130810536,0.002460401136281656,0.0024775306844375088,0.0024916530404677523,0.0025027137947442723,0.0025106711926951943,0.002515496381320069,0.002517173553456852,0.0025156999897686925,0.002511085999543833,0.0025033547625269684,0.0024925420751161992,0.002478696005346005,0.0024618764621044766,0.0024421546849685426,0.002419612661850041,0.002394342482298516,0.0023664456347817285,0.002336032256550799,0.002303220344793689,0.0022681349376995025,0.002230907273817329,0.0021916739377246903,0.0021505759995535346,0.0021077581553892587,0.0020633678749916303,0.002017554562713581,0.0019704687369369923,0.0019222612328201175,0.0018730824326688982,0.0018230815278076954,0.0017724058154320827,0.0017212000335710604,0.0016696057369592649,0.001617760716310459,0.0015657984631806676,0.0015138476823022353,0.0014620318529501989,0.0014104688405634069,0.0013592705594814149,0.0013085426872739188,0.0012583844307349468,0.0012088883431942235,0.0011601401923703686,0.001112218877563531,0.0010651963945683641,0.001019137846291692,0.00097410149669227,0.0009301388653311976,0.0008872948595379435,0.0008456079409641429,0.0008051103231189361,0.0007658281963574487,0.0007277819767279919,0.0006909865750719405,0.000655451682809801,0.0006211820709332989,0.0005881778988510709,0.0005564350298988028,0.0005259453505171624,0.0004966970903163245,0.0004686751404781096,0.00044186136818996424,0.0004162349250538442,0.00039177254766278353,0.0003684488487843904,0.00034623659783022124,0.0003251069895200944,0.0003050298998686631,0.0002859741288262855,0.0002679076290962219,0.00025079772082470475,0.00023461129201910415,0.00021931498469218925,0.0002048753668575824,0.00019125909061332494,0.00017843303664760813,0.00016636444558386517,0.0001550210366523678,0.0001443711142330705,0.00013438366286059429,0.0001250284313178402,0.00011627600647068958,0.00010809787751347985,0.00010046649130432326,9.33552994717106e-05,8.673879797003198e-05,8.059255975241886e-05,7.489326121540012e-05,6.961870305194432e-05,6.474782612816117e-05,6.026072297483092e-05,5.613864545854514e-05,5.236400916904489e-05,4.892039502974872e-05,4.579254860784253e-05,4.296637756896912e-05,4.0428947689780566e-05,3.816847780962461e-05,3.6174334070610947e-05,3.44370237633889e-05,3.29481890642734e-05,3.1700600917956696e-05,3.06881532889856e-05,2.9905857974488665e-05,2.9349840140301363e-05,2.9017334712638563e-05,2.8906683727762406e-05
184,2.7195679121014534e-05,2.729733925061622e-05,2.7602808955553512e-05,2.8113556612562824e-05,2.8832030932053967e-05,2.976166304003205e-05,3.0906869308987396e-05,3.227305485372956e-05,3.386661758382593e-05,3.569495267977506e-05,3.7766457335271504e-05,4.009053558288502e-05,4.2677602995180126e-05,4.55390910277537e-05,4.8687450744899165e-05,5.213615564266921e-05,5.589970325807444e-05,5.999361522712607e-05,6.443443542852817e-05,6.923972582420714e-05,7.44280595827168e-05,8.001901104709695e-05,8.603314208524557e-05,9.24919843385806e-05,9.941801686404413e-05,0.00010683463864570904,0.00011476613543578927,0.00012323764037117717,0.00013227508780122024,0.000141905159755824,0.00015215522448068898,0.00016305326646914566,0.00017462780742826705,0.00018690781763135348,0.0001999226171301732,0.00021370176632917737,0.00022827494546097873,0.0002436718225483738,0.00025992190949376685,0.0002770544060026685,0.0002950980311246047,0.0003140808422828384,0.000334030041764274,0.00035497177075318354,0.00037693089111727165,0.0003999307552922371,0.00042399296476143067,0.0004491371177902383,0.00047538054725007877,0.0005027380495537074,0.0005312216059209305,0.0005608400974005607,0.0005915990152888042,0.000623500168804203,0.0006565413921021906,0.0006907162529353033,0.0007260137654846123,0.0007624181101001565,0.0007999083628887244,0.0008384582382717312,0.0008780358477994115,0.0009186034786454115,0.0009601173953136428,0.0010025276681629278,0.0010457780323911898,0.0010898057811171806,0.001134541696152445,0.0011799100199686222,0.0012258284722352418,0.0012722083141309445,0.0013189544634162353,0.0013659656629968265,0.0014131347053996724,0.001460348715222355,0.00150748949119081,0.0015544339089576787,0.0016010543851790787,0.0016472194027065314,0.0016927940959114167,0.0017376408942164207,0.0017816202208472006,0.001824591242656829,0.00186641266564982,0.0019069435695913935,0.0019460442738929206,0.0019835772258848115,0.0020194079016910066,0.0020534057092628914,0.0020854448827559782,0.002115405357358784,0.0021431736139044103,0.0021686434830836465,0.0021917168997892733,0.0022123045990006802,0.0022303267456106604,0.002245713491652941,0.002258405455471019,0.0022683541184506653,0.0022755221360070427,0.002279883560569713,0.0022814239753476775,0.002280140538686251,0.002276041939849508,0.002269148268072219,0.0022594907977126653,0.002247111693284727,0.0022320636390316135,0.0022144093984994683,0.0021942213102526804,0.0021715807264235457,0.0021465774011927494,0.0021193088365473486,0.0020898795927613138,0.002058400570999842,0.0020249882752787812,0.0019897640607358675,0.001952853374814971,0.0019143849975529316,0.0018744902867144613,0.0018333024330647084,0.0017909557306185165,0.0017475848662725155,0.0017033242328187734,0.0016583072689600612,0.0016126658295961423,0.0015665295893241503,0.001520025481787954,0.001473277177214228,0.0014264046001791317,0.0013795234893520618,0.001332745000656052,0.0012861753549640725,0.0012399155311146387,0.0011940610046790494,0.0011487015325484923,0.0011039209830363186,0.0010597972108148121,0.001016401975633514,0.0009738009034051796,0.0009320534879033299,0.0008912131309995241,0.0008513272190855332,0.0008124372330811952,0.0007745788892272031,0.0007377823077063572,0.0007020722060283539,0.0006674681140519551,0.0006339846075030996,0.0006016315568755628,0.0005704143886687251,0.0005403343560205138,0.0005113888159279031,0.00048357151040734494,0.00045687284912799544,0.0004312801912464704,0.0004067781243782555,0.0003833487388532867,0.0003609718956175417,0.00033962548635515057,0.0003192856846134869,0.0002999271869143752,0.00028152344302590957,0.0002640468747498162,0.0002474690827476696,0.00023176104108478434,0.00021689327931281524,0.0002028360520408302,0.00018955949605993334,0.00017703377518867245,0.00016522921309586992,0.0001541164144347025,0.00014366637468744004,0.00013385057917492541,0.000124641091729362,0.00011601063356403405,0.00010793265289997633,0.00010038138592810878,9.333190969670454e-05,8.676018751900693e-05,8.064310749505704e-05,7.495851473601568e-05,6.968523786910174e-05,6.48031103873203e-05,6.029298739097885e-05,5.613675824809922e-05,5.23173556786955e-05,4.8818761743927666e-05,4.562601119573443e-05,4.272519261603293e-05,4.010344774723578e-05,3.774896938793199e-05,3.5650998199316084e-05,3.379981873950544e-05,3.218675501440007e-05,3.080416580532022e-05,2.96454400053855e-05,2.870499216852853e-05,2.7978258447197246e-05,2.7461693067202265e-05,2.715276546080251e-05,2.7049958151970313e-05
185,2.5470496976644223e-05,2.5565031013057092e-05,2.5849081310153973e-05,2.6323992770346215e-05,2.6992008016135097e-05,2.7856269029410862e-05,2.8920819369551945e-05,3.0190606893243634e-05,3.167148687669119e-05,3.337022541850707e-05,3.529450297899064e-05,3.7452917888783725e-05,3.985498963698516e-05,4.2511161725761946e-05,4.543280385533959e-05,4.863221318004801e-05,5.2122614352913004e-05,5.591815805321811e-05,6.0033917668635416e-05,6.448588378108555e-05,6.929095608360937e-05,7.446693233442058e-05,8.003249393419157e-05,8.600718769377105e-05,9.24114033422357e-05,9.926634630977259e-05,0.00010659400530673448,0.00011441711420970559,0.0001227591077579895,0.00013164407056004141,0.00014109667890950924,0.0001511421349152312,0.00016180609245931003,0.00017311457451280008,0.00018509388136018045,0.00019777048931222724,0.0002111709395227299,0.0002253217165682934,0.00024024911650280016,0.0002559791041595078,0.00027253715954473246,0.0002899481132480646,0.0003082359708854673,0.0003274237266937193,0.000347533166507691,0.0003685846604759507,0.00039059694600513593,0.0004135869015691434,0.000437569312175057,0.0004625566274431725,0.0004885587134325717,0.0005155825995252076,0.0005436322218688487,0.0005727081650705961,0.0006028074040257426,0.0006339230479588544,0.0006660440889420771,0.0006991551573364154,0.0007332362867714285,0.0007682626914334712,0.0008042045585682985,0.0008410268592164398,0.000878689180285407,0.0009171455811179483,0.0009563444777371131,0.0009962285579343869,0.0010367347303147294,0.0010777941103208132,0.0011193320461273353,0.0011612681871244097,0.0012035165974959051,0.0012459859171426407,0.0012885795718988243,0.0013311960346385743,0.0013737291384616468,0.0014160684426758308,0.0014580996517494288,0.0014997050867829457,0.001540764208339346,0.0015811541886766275,0.0016207505305519604,0.0016594277288293562,0.0016970599701490782,0.001733521864942905,0.0017686892051487352,0.0018024397401387657,0.0018346539626746129,0.001865215896181108,0.0018940138743177844,0.0019209413037384695,0.0019458974010640754,0.001968787895435971,0.0019895256885396504,0.0020080314646560133,0.0020242342440734296,0.0020380718740432547,0.0020494914523557497,0.002058449679531166,0.0020649131365482244,0.0020688584859617416,0.002070272595188828,0.0020691525816659106,0.0020655057804925374,0.0020593496360748077,0.0020507115201497256,0.002039628479396396,0.0020261469166027437,0.002010322210038656,0.001992218276270563,0.0019719070821243184,0.0019494681118533991,0.0019249877957942098,0.001898558906892141,0.0018702799314689565,0.0018402544204869705,0.0018085903273645167,0.0017753993381287032,0.0017407961993740008,0.0017048980491467121,0.0016678237555114972,0.001629693267189944,0.0015906269803022373,0.0015507451248976906,0.0015101671746311368,0.0014690112826302036,0.0014273937463010903,0.0013854285035339036,0.001343226662488174,0.0013008960668599648,0.001258540898249356,0.0012162613169574422,0.0011741531422427396,0.0011323075727571795,0.0010908109475621704,0.0010497445477976985,0.00100918443874558,0.0009692013516963644,0.0009298606047034852,0.0008912220609939246,0.0008533401235079241,0.0008162637637668885,0.000780036583023836,0.0007446969034389415,0.0007102778868473692,0.0006768076785499883,0.0006443095734609106,0.000612802201889064,0.0005822997322132073,0.0005528120877288476,0.0005243451749986683,0.0004969011211218255,0.00047047851744795924,0.0004450726673947899,0.0004206758361794604,0.0003972775004391012,0.00037486459589133436,0.0003534217613668072,0.0003329315777298451,0.00031337480038685906,0.0002947305842625415,0.0002769767002988628,0.0002600897426995904,0.0002440453263020117,0.00022881827360664422,0.00021438279113416875,0.0002007126349061272,0.00018778126496182327,0.0001755619889283149,0.00016402809475351676,0.0001531529727945218,0.00014291022752468223,0.00013327377918425043,0.00012421795575100618,0.00011571757564988603,0.00010774802165480371,0.00010028530646225223,9.330613043555299e-05,8.678793203141015e-05,8.070893142737162e-05,7.504816787050134e-05,6.978553126462421e-05,6.490178850647037e-05,6.037860507045091e-05,5.619856232813344e-05,5.234517107221157e-05,4.880288169629431e-05,4.5557091461562036e-05,4.2594149259585254e-05,3.990135825768787e-05,3.74669767894234e-05,3.528021782825335e-05,3.333124735757143e-05,3.1611181924968335e-05,3.01120856432184e-05,2.882696687499766e-05,2.7749774812895858e-05,2.6875396140921887e-05,2.6199651938461936e-05,2.571929496255183e-05,2.5432007419375237e-05,2.5336399311087806e-05
186,2.388419661707981e-05,2.3972212756016743e-05,2.423667215035472e-05,2.4678807994419364e-05,2.5300676474492537e-05,2.6105158027146888e-05,2.7095959030317963e-05,2.8277613856408745e-05,2.9655487196372648e-05,3.1235776543275404e-05,3.302551470328836e-05,3.5032572181418476e-05,3.726565926854864e-05,3.973432763557297e-05,4.244897121960718e-05,4.5420826166491836e-05,4.8661969573162e-05,5.218531675302628e-05,5.600461672739604e-05,6.0134445626372206e-05,6.45901976635941e-05,6.938807333106876e-05,7.454506444314658e-05,8.007893564282747e-05,8.600820196924242e-05,9.23521020726532e-05,9.913056665297339e-05,0.0001063641816899901,0.00011407414602853646,0.00012228222288023532,0.0001310106848055366,0.00014028225174605045,0.00015012002168811084,0.0001605473935545696,0.00017158798194351436,0.00018326552336042477,0.00019560377362472852,0.00020862639617327334,0.00022235684103237736,0.00023681821428728423,0.000252033137943456,0.0002680236001485281,0.000284810795827228,0.000302414957874337,0.0003208551791529695,0.00034014922565706935,0.0003603133413179429,0.00038136204506459073,0.00040330792088609475,0.0004261614017906964,0.00044993054870958376,0.0004746208255526162,0.000500234871786851,0.0005267722740750483,0.0005542293386783072,0.0005825988664922485,0.0006118699327470683,0.0006420276735553871,0.0006730530816349205,0.0007049228136622154,0.00073760901182557,0.0007710791422362855,0.0008052958529242108,0.0008402168541830292,0.0008757948240400693,0.0009119773416022647,0.0009487068509723626,0.000985920658336154,0.0010235509646913288,0.0010615249365206888,0.0010997648165059345,0.001138188076131825,0.001176707611742226,0.001215231985276665,0.0012536657105348082,0.0012919095853824675,0.0013298610698219595,0.0013674147092983826,0.0014044626020002602,0.0014408949082403964,0.0014766003992779495,0.0015114670421793126,0.0015453826165336068,0.0015782353580650835,0.001609914623450948,0.0016403115699930154,0.0016693198432384043,0.0016968362652272405,0.00172276151578586,0.0017470007991944444,0.001769464488640023,0.0017900687411107872,0.0018087360757789155,0.0018253959094340945,0.0018399850431439148,0.0018524480950058702,0.0018627378745973426,0.0018708156955071654,0.001876651623131954,0.00188022465573279,0.0018815228375656163,0.001880543303715244,0.0018772922570706393,0.0018717848786689445,0.0018640451733959893,0.0018541057537485323,0.001842007565023612,0.0018277995558888863,0.0018115382987918278,0.0017932875650750364,0.0017731178599734588,0.001751105922874957,0.0017273341983309726,0.0017018902833155656,0.001674866356158923,0.0016463585924380109,0.001616466572906268,0.001585292688300298,0.0015529415455879467,0.0015195193799309608,0.001485133476336649,0.0014498916046742265,0.0014139014714379125,0.0013772701913532417,0.0013401037816460626,0.0013025066815243816,0.001264581299159448,0.0012264275881912982,0.001188142655522442,0.0011498204018985487,0.001111551196504753,0.0010734215865291544,0.0010355140423609949,0.0009979067388007107,0.0009606733723645152,0.000923883014470345,0.0008875999999986646,0.0008518838504350946,0.000816789230526845,0.0007823659371261941,0.0007486589186563393,0.0007157083234219498,0.0006835495748021958,0.0006522134712105918,0.000621726308585562,0.000592110023089106,0.0005633823516383485,0.0005355570078752616,0.0005086438711918274,0.00048264918646910213,0.000457575772256244,0.0004334232352063998,0.00041018818869698005,0.0003878644736887407,0.0003664433800177066,0.00034591386646288337,0.0003262627780876794,0.0003074750595110336,0.00028953396292271896,0.0002724212498138481,0.00025611738554621186,0.00024060172603107324,0.0002258526959280616,0.00021184795790681478,0.00019856457263722695,0.00018597914928804643,0.0001740679864178283,0.000162807203236748,0.00015217286130256915,0.0001421410767892959,0.000132688123533,0.0001237905271163627,0.00011542515030203331,0.00010756927016545966,0.00010020064731089986,9.329758758041602e-05,8.683899668531967e-05,8.080442820333556e-05,7.517412539321386e-05,6.99290572821791e-05,6.505094948097186e-05,6.052231017679969e-05,5.6326451746735806e-05,5.244750842342093e-05,4.887045043174092e-05,4.558109499984407e-05,4.256611463077071e-05,3.9813043002399926e-05,3.7310278843654845e-05,3.504708811419004e-05,3.301360479333013e-05,3.120083056202031e-05,2.9600633639145417e-05,2.8205747010904494e-05,2.7009766269098905e-05,2.6007147251287346e-05,2.519320365284402e-05,2.4564104758070973e-05,2.41168734146914e-05,2.384938435330135e-05,2.3760362930685463e-05
187,2.243132437052276e-05,2.2513400792274392e-05,2.276000747768824e-05,2.3172276882801125e-05,2.3752097076954787e-05,2.4502112674323624e-05,2.542572607323903e-05,2.6527098938431007e-05,2.7811153842685636e-05,2.9283575965743466e-05,3.095081472954166e-05,3.2820085230142755e-05,3.4899369307916265e-05,3.719741607877794e-05,3.972374173059117e-05,4.2488628370255125e-05,4.550312168861934e-05,4.877902719226916e-05,5.232890473352892e-05,5.616606105286343e-05,6.030454003137267e-05,6.475911033544326e-05,6.954525012104067e-05,7.467912845181394e-05,8.017758307338678e-05,8.605809417618764e-05,9.233875377122046e-05,9.903823029760851e-05,0.00010617572807789148,0.0001137709412372804,0.0001218440017067472,0.0001304154209373442,0.0001395060249649147,0.0001491368824807924,0.00015932922558561206,0.00017010436293039656,0.000181483584982064,0.00019348806118982064,0.00020613872887496394,0.00021945617371977487,0.00023346050179175702,0.0002481712031077554,0.00026360700681868143,0.00027978572817982347,0.0002967241075640842,0.00031443764187592035,0.0003329404088320744,0.0003522448846910923,0.0003723617561366235,0.0003932997271489565,0.00041506532183429765,0.00043766268432088014,0.0004610933769737751,0.0004853561783247136,0.0005104468822574881,0.0005363581001314982,0.0005630790676634077,0.0005905954585171117,0.0006188892066725115,0.0006479383397510427,0.000677716825567491,0.0007081944342503749,0.0007393366183241117,0.0007711044131726002,0.0008034543603032278,0.0008363384558004741,0.0008697041262974552,0.000903494234700466,0.0009376471177747245,0.0009720966575381804,0.0010067723882135552,0.0010415996402557957,0.0010764997227015695,0.0011113901447778185,0.0011461848773556787,0.0011807946544423653,0.0012151273144650131,0.0012490881806162372,0.0012825804790021309,0.0013155057927632075,0.0013477645497345027,0.0013792565405840282,0.001409881463734772,0.0014395394927543376,0.0014681318613110376,0.0014955614602702584,0.001521733441064029,0.001546555819130954,0.001569940071009236,0.0015918017185821264,0.0016120608940255261,0.0016306428791873226,0.0016474786134272345,0.0016625051643499773,0.0016756661563566973,0.0016869121525026137,0.001696200985766455,0.0017034980364953748,0.0017087764534755908,0.0017120173167840245,0.0017132097412909102,0.0017123509203994052,0.001709446110316828,0.0017045085558436582,0.0016975593593300464,0.0016886272950737517,0.0016777485720063337,0.0016649665480248973,0.0016503313997650608,0.0016338997519697715,0.0016157342708837666,0.0015959032262938349,0.0015744800269428543,0.0015515427340760965,0.0015271735578394363,0.0015014583411502645,0.0014744860355138936,0.001446348173071679,0.001417138338952457,0.001386951647765354,0.0013558842278274682,0.001324032716470344,0.0012914937695189008,0.0012583635877880907,0.0012247374631970838,0.0011907093468580766,0.0011563714412558186,0.0011218138183930726,0.001087124065534765,0.0010523869599379163,0.0010176841737044617,0.0009830940096392062,0.0009486911687356617,0.0009145465496493985,0.000880727080253642,0.0008472955811076945,0.0008143106604084807,0.0007818266397426422,0.0007498935097149028,0.0007185569143016671,0.0006878581625706438,0.0006578342662209166,0.0006285180012361442,0.0005999379918085731,0.0005721188145847546,0.0005450811212060456,0.0005188417770680932,0.000493414014202924,0.00046880759619365235,0.0004450289930633391,0.0004220815641339011,0.00039996574692558276,0.00037867925025951356,0.0003582172498323687,0.0003385725846501626,0.00031973595283485846,0.00030169610545003245,0.0002844400371277427,0.0002679531724157137,0.000252219546899906,0.0002372219822907221,0.00022294225479000513,0.00020936125617937505,0.00019645914718734755,0.00018421550280233525,0.00017260944930051387,0.0001616197928513024,0.0001512251396486703,0.00014140400759362205,0.00013213492962209258,0.00012339654883330688,0.00011516770562667881,0.00010742751710087193,0.00010015544900710615,9.333138058057612e-05,8.693566259939593e-05,8.094916904025432e-05,7.535334271441538e-05,7.013023527729665e-05,6.52625420100496e-05,6.073363177280408e-05,5.652757252694114e-05,5.2629152818334566e-05,4.9023899605336847e-05,4.569809280473685e-05,4.263877691631841e-05,3.983377007230905e-05,3.727167084220323e-05,3.494186310642794e-05,3.283451929431331e-05,3.094060226303656e-05,2.9251866074794406e-05,2.7760855909578006e-05,2.6460907330696715e-05,2.534614509973031e-05,2.44114817169638e-05,2.3652615842642612e-05,2.3066030733626966e-05,2.264899280925815e-05,2.239955043949783e-05,2.231653302767717e-05
188,2.110677866847421e-05,2.1183465704634666e-05,2.14138740862191e-05,2.179904577148312e-05,2.234071781216882e-05,2.304132300570728e-05,2.3903990748745605e-05,2.493254803241439e-05,2.613152050269414e-05,2.7506133492168515e-05,2.906231291237745e-05,3.080668587892164e-05,3.274658092444778e-05,3.48900276376969e-05,3.724575554997429e-05,3.9823192073759595e-05,4.2632459281793215e-05,4.56843692989407e-05,4.899041806355565e-05,5.256277720005619e-05,5.641428373014325e-05,6.055842733667761e-05,6.500933488187957e-05,6.978175187041695e-05,7.489102053832457e-05,8.035305424079025e-05,8.618430780590858e-05,9.240174351782214e-05,9.902279239153714e-05,0.00010606531040343162,0.00011354752934639569,0.00012148800198700011,0.00012990554121442997,0.0001388191528875068,0.0001482479621073151,0.0001582111326691063,0.00016872777947863498,0.0001798168737552176,0.0001914971408869249,0.00020378695085270854,0.00021670420118218258,0.00023026619248643664,0.0002444894966628026,0.00025938981795301734,0.0002749818471177165,0.00029127910908056774,0.0003082938044924013,0.0003260366457690873,0.00034451668826616813,0.0003637411573677522,0.00038371527238609645,0.0004044420682906541,0.00042592221640993817,0.0004481538453749384,0.00047113236369738745,0.0004948502854980702,0.0005192970610175305,0.0005444589136517253,0.0005703186853559901,0.000596855692349597,0.0006240455931276008,0.0006518602708439935,0.0006802677321678846,0.0007092320247300734,0.0007387131752687982,0.000768667150548675,0.0007990458430642157,0.0008297970834474994,0.0008608646813774728,0.000892188496635147,0.0009237045417639024,0.0009553451175766023,0.000987038982500551,0.0010187115564668095,0.001050285159731259,0.0010816792866605181,0.0011128109141262071,0.0011435948437268763,0.001173944076600255,0.0012037702191034585,0.00123298391713198,0.0012614953163291292,0.0012892145449184857,0.0013160522153878955,0.0013419199407816215,0.0013667308609352773,0.0013904001736336014,0.001412845665399311,0.001433988236444493,0.0014537524142419788,0.001472066850205999,0.001488864794107263,0.0015040845410813966,0.0015176698464120764,0.0015295703036697502,0.0015397416822512135,0.0015481462208822082,0.001554752874203153,0.0015595375101464769,0.0015624830564233243,0.0015635795950585936,0.0015628244045375965,0.0015602219497461657,0.0015557838204893508,0.001549528619952167,0.0015414818050091973,0.001531675480788459,0.001520148152339949,0.0015069444366432188,0.0014921147385057053,0.001475714894151233,0.0014578057864754776,0.0014384529360541819,0.001417726072034674,0.0013956986870277668,0.00137244758005279,0.0013480523914813506,0.0013225951337838037,0.001296159721714167,0.001268831505381661,0.0012406968094562064,0.0012118424815460807,0.0011823554525720475,0.0011523223117460683,0.0011218288985453953,0.0010909599138548445,0.0010597985522310548,0.0010284261570218914,0.000996921899851045,0.0009653624857516067,0.000933821885002547,0.0009023710924886363,0.0008710779151679397,0.0008400067879927926,0.0008092186183917634,0.0007787706591837786,0.0007487164095639321,0.0007191055435764261,0.0006899838652766674,0.0006613932895847886,0.0006333718476497021,0.0006059537153788075,0.0005791692636458807,0.000553045128570191,0.0005276043001646628,0.0005028662275805293,0.0004788469391303951,0.0004555591752503751,0.0004330125325639528,0.00041121361723387334,0.00039016620583190654,0.0003698714120175027,0.0003503278573929064,0.00033153184499172886,0.00031347753395783904,0.0002961571140792927,0.0002795609789555489,0.00026367789669323944,0.0002484951771442789,0.00023399883481832646,0.0002201737467179789,0.0002070038044582442,0.00019447206014068492,0.0001825608655562357,0.00017125200438836559,0.00016052681717945645,0.00015036631890763216,0.0001407513090985884,0.00013166247446714808,0.00012308048414631917,0.00011498607761767636,0.00010736014550610715,0.00010018380344461055,9.343845925120623e-05,8.710587369044051e-05,8.11682151168229e-05,7.560810831717379e-05,7.040867788369747e-05,6.555358646000812e-05,6.102706820872053e-05,5.681395785195175e-05,5.289971563553845e-05,4.927044856431036e-05,4.59129282497133e-05,4.281460570276258e-05,3.996362339502704e-05,3.734882489837009e-05,3.4959762400758175e-05,3.278670238081821e-05,3.082062970818797e-05,2.905325042024083e-05,2.7476993408637976e-05,2.6085011231507818e-05,2.4871180248991676e-05,2.3830100261528877e-05,2.2957093811664983e-05,2.224820529142176e-05,2.1700199978419274e-05,2.1310563105028776e-05,2.1077499045888715e-05,2.09999306901547e-05
189,1.9905816449634198e-05,1.997763873697676e-05,2.019342591423121e-05,2.0554139017794797e-05,2.106138006955721e-05,2.171739249134003e-05,2.2525061630308657e-05,2.348791534055619e-05,2.4610124550411695e-05,2.589650372939609e-05,2.735251115315256e-05,2.8984248849137408e-05,3.079846209040166e-05,3.280253828946186e-05,3.500450512910118e-05,3.74130277520179e-05,4.003740481662277e-05,4.288756321206401e-05,4.597405121183094e-05,4.930802983216923e-05,5.290126214916399e-05,5.676610031685958e-05,6.0915470018350726e-05,6.536285207258026e-05,7.012226091181276e-05,7.520821963863604e-05,8.063573136710513e-05,8.642024655053468e-05,9.257762599872672e-05,9.912409929036828e-05,0.00010607621829223552,0.00011345080550599221,0.00012126489697607948,0.00012953567950876361,0.0001382804219731516,0.00014751640048020246,0.00015726081726575084,0.00016753071313860252,0.00017834287339511232,0.00018971372714755613,0.0002016592400652465,0.0002141948005848755,0.0002273350997100964,0.00024109400458990714,0.00025548442614094105,0.00027051818106016586,0.00028620584866151984,0.0003025566230623262,0.0003195781613424581,0.0003372764284005671,0.00035565553933647237,0.00037471760029611793,0.0003944625488242325,0.0004148879948786977,0.00043598906376818134,0.00045775824237917923,0.0004801852301584297,0.0005032567964097326,0.0005269566455484534,0.0005512652920302054,0.0005761599467301508,0.0006016144165937967,0.000627599019406875,0.0006540805155388191,0.0006810220584995253,0.0007083831661108342,0.0007361197140309706,0.0007641839532808519,0.0007925245533047491,0.0008210866719535281,0.0008498120536061073,0.0008786391564434373,0.0009075033096590451,0.0009363369011307933,0.0009650695957901134,0.0009936285846078485,0.0010219388637708734,0.0010499235432524072,0.0010775041835841424,0.0011046011592241102,0.0011311340464865427,0.0011570220335667411,0.001182184349764971,0.001206540710600237,0.0012300117751202788,0.0012525196113715607,0.0012739881657053275,0.0012943437313744977,0.0013135154117305493,0.0013314355732659028,0.0013480402837686108,0.0013632697309619286,0.0013770686171880565,0.001389386525956883,0.0014001782565090373,0.001409404122928997,0.0014170302147789447,0.0014230286166982487,0.0014273775849176279,0.0014300616791626734,0.0014310718489597117,0.0014304054738997546,0.0014280663579547214,0.0014240646784657422,0.0014184168909272621,0.0014111455911643566,0.0014022793369360008,0.001391852431386811,0.0013799046711080916,0.0013664810618515945,0.0013516315051638646,0.001335410459374919,0.001317876578483876,0.00129909233253909,0.0012791236131160825,0.001258039327458568,0.0012359109847724578,0.001212812278056144,0.001188818664718833,0.0011640069490877962,0.0011384548697400327,0.0011122406944179936,0.0010854428251057709,0.001058139415653697,0.0010304080041469996,0.00100232516201874,0.0009739661617089993,0.0009454046644710831,0.0009167124297212618,0.0008879590471211403,0.0008592116923712612,0.0008305349074813998,0.0008019904060679894,0.0007736369040134059,0.0007455299756070465,0.0007177219350761892,0.0006902617432077335,0.0006631949385625621,0.0006365635925948783,0.0006104062878119831,0.0005847581179478823,0.0005596507089789531,0.0005351122596834285,0.0005111676003400387,0.00048783826807571824,0.00046514259730829043,0.0004430958236874771,0.00042171019991597044,0.0004009951218307816,0.00038095726314239033,0.0003616007172638166,0.00034292714471184914,0.0003249359246263288,0.000307624309028577,0.00029098757852467894,0.0002750191982513457,0.00025971097295949093,0.00024505320023160583,0.0002310348209317726,0.00021764356609015853,0.0002048660995256994,0.00019268815561020912,0.00018109467167332836,0.00017006991463970844,0.00015959760157694737,0.00014966101391454182,0.00014024310517011805,0.00013132660208921735,0.0001228940991688072,0.00011492814659243643,0.00010741133165660656,0.0001003263538136134,9.365609349601043e-05,8.73836749221808e-05,8.14925231115518e-05,7.596641536203253e-05,7.07895274616207e-05,6.594647492112925e-05,6.142234952596615e-05,5.7202751512188646e-05,5.327381767598127e-05,4.9622245726592835e-05,4.6235315190926365e-05,4.310090517370124e-05,4.020750927068469e-05,3.75442479241805e-05,3.5100878500017184e-05,3.286780335391856e-05,3.083607614257776e-05,2.899740662117639e-05,2.7344164154663578e-05,2.5869380154983592e-05,2.4566749640747516e-05,2.343063209969594e-05,2.2456051817795328e-05,2.163869782202989e-05,2.0974923566963246e-05,2.04617464780036e-05,2.00968474470567e-05,1.987857035892624e-05,1.980592170944653e-05
190,1.8824058630962296e-05,1.8891517250480067e-05,1.90941894551742e-05,1.9432964333291517e-05,1.9909323857436015e-05,2.0525343097583524e-05,2.128369046876526e-05,2.2187627962911528e-05,2.324101129996203e-05,2.4448289919007696e-05,2.5814506715951286e-05,2.7345297419985663e-05,2.9046889487123398e-05,3.092610037510944e-05,3.299033505036158e-05,3.524758256417065e-05,3.770641152232584e-05,4.037596425969352e-05,4.326594951916481e-05,4.638663342290892e-05,4.974882851314581e-05,5.3363880629821544e-05,5.724365338378286e-05,6.140050997646914e-05,6.584729211095054e-05,7.059729573453413e-05,7.566424335034255e-05,8.106225263446384e-05,8.680580109670679e-05,9.290968652691868e-05,9.938898297548067e-05,0.00010625899202625107,0.00011353518913313974,0.00012123316480793048,0.00012936856046718832,0.00013795699877034709,0.000147014008309617,0.00015655494254541405,0.00016659489291879722,0.0001771485961150935,0.0001882303355006371,0.00019985383680745444,0.00021203215819884686,0.0002247775749121491,0.00023810145874340362,0.0002520141527121311,0.00026652484132255104,0.0002816414169201708,0.0002973703427291498,0.0003137165132456886,0.00033068311275515755,0.0003482714728349316,0.00036648092979990604,0.0003853086831423007,0.0004047496561102825,0.00042479635965970866,0.00044543876109829874,0.000466664158820068,0.0004884570645980644,0.0005107990949634435,0.0005336688732467412,0.0005570419438909293,0.000580890700663549,0.0006051843303951163,0.000629888773851403,0.0006549667053066209,0.0006803775323216924,0.0007060774171456184,0.000732019321047647,0.0007581530727529125,0.0007844254619941175,0.0008107803590065084,0.0008371588605829372,0.000863499463070449,0.0008897382624301804,0.0009158091811992309,0.0009416442218880233,0.0009671737460214757,0.0009923267776900532,0.0010170313301213873,0.001041214753419962,0.00106480410125792,0.0010877265139422883,0.0011099096149419028,0.0011312819176408243,0.0011517732388042095,0.0011713151150071596,0.0011898412180957765,0.0012072877656296908,0.0012235939222017575,0.0012387021875461678,0.0012525587674311518,0.0012651139234847138,0.001276322298317443,0.0012861432125797875,0.0012945409309156378,0.0013014848941423193,0.001306949915391517,0.0013109163383784725,0.00131337015642026,0.001314303091290294,0.0013137126314675808,0.0013116020298078786,0.001307980261121939,0.0013028619405856976,0.0012962672043213268,0.0012882215538695526,0.0012787556666167298,0.0012679051745399753,0.0012557104138868043,0.0012422161486101892,0.001227471270535429,0.0012115284793427353,0.0011944439455113952,0.001176276959391283,0.0011570895695495675,0.001136946213489502,0.001115913343758995,0.0010940590523641097,0.001071452696281093,0.001048164526723943,0.0010242653246761639,0.0009998260450379045,0.0009749174715750756,0.0009496098846867774,0.000923972743832342,0.0008980743862801193,0.0008719817436571883,0.0008457600775927237,0.0008194727355581317,0.0007931809278147135,0.0007669435261852103,0.0007408168851700254,0.0007148546857334443,0.0006891078018912264,0.0006636241900403058,0.0006384488007858612,0.0006136235128428129,0.0005891870884198915,0.0005651751493368857,0.000541620172981401,0.0005185515070821485,0.0004959954021628843,0.00047397506044571914,0.0004525106998953671,0.0004316196320373624,0.0004113163521433233,0.00039161264035458067,0.0003725176723112039,0.000354038137865591,0.00033617836648708056,0.0003189404580049913,0.0003023244173904759,0.00028632829234087923,0.000270948312502144,0.0002561790292434934,0.00024201345498241195,0.0002284432011452684,0.00021545861393825104,0.00020304890719327119,0.0001912022916428974,0.0001799061000661486,0.00016914690783217191,0.00015891064845069124,0.0001491827238160113,0.00013994810890479426,0.00013119145075643932,0.0001228971616284124,0.0001150495062771536,0.00010763268336815556,0.00010063090106646788,9.402844690131347e-05,8.780975203583291e-05,8.195945010537217e-05,7.646243081540955e-05,7.130388851341615e-05,6.646936596791807e-05,6.194479360305098e-05,5.771652444825028e-05,5.3771365070685336e-05,5.009660276291189e-05,4.668002926025772e-05,4.3509961261949264e-05,4.0575258027190716e-05,3.7865336312572224e-05,3.537018291054727e-05,3.3080365040500935e-05,3.098703883433596e-05,2.9081956147721384e-05,2.7357469916349918e-05,2.580653826389199e-05,2.442272755495368e-05,2.320021457236773e-05,2.2133787983677762e-05,2.1218849246810423e-05,2.0451413089747994e-05,1.9828107683583283e-05,1.9346174612715343e-05,1.9003468730175463e-05,1.8798457970195582e-05,1.873022317417552e-05
191,1.7857494747492363e-05,1.7921069347307268e-05,1.8112068332220913e-05,1.8431317273988945e-05,1.888019217001893e-05,1.9460619486712663e-05,2.0175076173406235e-05,2.102658960021788e-05,2.2018737359849345e-05,2.3155646860186706e-05,2.4441994621435362e-05,2.588300517853048e-05,2.7484449476723215e-05,2.9252642635598507e-05,3.11944409443817e-05,3.331723793929962e-05,3.5628959402045715e-05,3.8138057107139445e-05,4.0853501135256193e-05,4.378477055954116e-05,4.694184230261925e-05,5.033517795360358e-05,5.3975708327022955e-05,5.7874815539387435e-05,6.204431237425258e-05,6.649641870330302e-05,7.124373472934038e-05,7.62992108173265e-05,8.167611368200634e-05,8.738798870532893e-05,9.344861816412167e-05,9.987197515847573e-05,0.00010667217304429681,0.0001138634101896909,0.00012145990989451218,0.00012947585533571387,0.00013792531942831665,0.0001468221895230291,0.00015618008689698856,0.00016601228103387458,0.0001763315987338898,0.00018715032814286775,0.0001984801178430731,0.00021033187120606954,0.0002227156362702442,0.0002356404914720185,0.0002491144276301921,0.00026314422665691095,0.000277735337545976,0.0002928917502690641,0.0003086158682922409,0.0003249083805081269,0.00034176813346229113,0.0003591920048348678,0.000377174779218819,0.0003957090273134163,0.00041478498972395645,0.00043439046662495037,0.00045451071460242144,0.00047512835203986927,0.0004962232744501943,0.0005177725811807701,0.0005397505149292344,0.0005621284155019014,0.0005848746892235204,0.0006079547953651419,0.0006313312508949926,0.0006549636547746179,0.0006788087329184497,0.0007028204048089674,0.0007269498726115444,0.0007511457334629321,0.0007753541154154349,0.0007995188373056826,0.0008235815925833986,0.0008474821568828366,0.0008711586188493452,0.0008945476334479685,0.0009175846966830831,0.0009402044403514772,0.0009623409451406648,0.0009839280700751334,0.001004899796012114,0.001025190580602511,0.0010447357218695019,0.00106347172732483,0.0010813366853484122,0.0010982706354074063,0.001114215933591863,0.0011291176098996987,0.0011429237137163344,0.0011555856440045695,0.0011670584608469425,0.001177301175163299,0.001186277013656502,0.0011939536563141694,0.0012003034441082571,0.0012053035548809572,0.0012089361457781622,0.0012111884609839019,0.0012120529039137558,0.0012115270734352939,0.0012096137640921032,0.0012063209307079722,0.001201661618132602,0.0011956538572534528,0.0011883205287342253,0.0011796891962440575,0.0011697919112087693,0.0011586649913435392,0.0011463487754135803,0.0011328873568152544,0.0011183282986753557,0.0011027223332327359,0.0010861230482966688,0.0010685865635735418,0.0010501711996212827,0.0010309371421331262,0.0010109461041726444,0.0009902609888839283,0.0009689455550875879,0.0009470640880475799,0.0009246810775580522,0.0009018609053552664,0.0008786675437086233,0.0008551642668879469,0.0008314133770423104,0.0008074759458594476,0.0007834115732047773,0.0007592781637658633,0.0007351317225524244,0.0007110261699246284,0.0006870131766443444,0.0006631420192664999,0.000639459456012074,0.0006160096230921053,0.0005928339512850752,0.0005699711024098932,0.0005474569251852002,0.0005253244298245314,0.0005036037805876034,0.00048232230539202204,0.00046150452148821357,0.00044117217611425305,0.00042134430097712043,0.0004020372793530148,0.0003832649245617017,0.00036503856854810626,0.0003473671592978902,0.0003302573658216974,0.000313713689464053,0.0002977385803262924,0.0002823325576370308,0.0002674943329570881,0.00025322093516698526,0.00023950783625262552,0.00022634907697711808,0.00021373739160250355,0.00020166433090308705,0.00019012038279098774,0.0001790950899532769,0.00016857716397775086,0.00015855459552012812,0.0001490147601385666,0.00013994451949128191,0.0001313303176592315,0.00012315827241795986,0.00011541426134049887,0.0001080840026665173,0.0001011531309216139,9.460726731472209e-05,8.843208498107446e-05,8.261336917314709e-05,7.713707253259215e-05,7.198936560253637e-05,6.715668276196198e-05,6.262576378240567e-05,5.8383691222139964e-05,5.4417923884572705e-05,5.0716326576062234e-05,4.7267196403938746e-05,4.405928585849106e-05,4.1081822923261065e-05,3.832452845641509e-05,3.5777631082455695e-05,3.343187982830825e-05,3.1278554731063935e-05,2.9309475636569396e-05,2.751700939879553e-05,2.5894075679650755e-05,2.4434151537772616e-05,2.3131274982963533e-05,2.198004766044937e-05,2.097563681613526e-05,2.0113776680601505e-05,1.9390769395802632e-05,1.880348559437127e-05,1.8349364727143398e-05,1.8026415220060734e-05,1.7833214527010112e-05,1.7768909130463243e-05
192,1.700248685612409e-05,1.7062637757597465e-05,1.7243347134183175e-05,1.754538498886635e-05,1.797003460871175e-05,1.8519092466287784e-05,1.919486803826756e-05,2.0000183497880734e-05,2.093837322561058e-05,2.2013283070333437e-05,2.322926928100869e-05,2.459119701707897e-05,2.6104438333968846e-05,2.7774869528520145e-05,2.960886771792374e-05,3.161330651476085e-05,3.3795550650218596e-05,3.616344938747198e-05,3.87253285577143e-05,4.148998104246618e-05,4.446665551770773e-05,4.766504326817577e-05,5.109526287397698e-05,5.476784256662666e-05,5.869370004788053e-05,6.288411956244262e-05,6.735072601497218e-05,7.210545592295567e-05,7.716052500013584e-05,8.252839217049132e-05,8.822171982042907e-05,9.425333010708378e-05,0.000100636157153611,0.00010738319497830656,0.00011450744102347202,0.00012202183517235626,0.00012993919416840147,0.00013827214138056128,0.00014703303189176551,0.00015623387292478831,0.0001658862396609009,0.00017600118655178946,0.0001865891542742908,0.00019765987253046345,0.0002092222589522693,0.000221284314430483,0.00023385301525112907,0.00024693420248941323,0.00026053246918034416,0.00027465104585650023,0.000289291685116058,0.0003044545459575303,0.0003201380786908159,0.00033633891130618903,0.00035305173825269,0.00037026921264385446,0.0003879818429705778,0.0004061778954568097,0.0004248433032423012,0.0004439615836163381,0.0004635137645558049,0.00048347832183859144,0.0005038311280078269,0.0005245454144523986,0.0005455917478434011,0.0005669380221235019,0.0005885494671857415,0.0006103886752992918,0.0006324156462416156,0.0006545878519790321,0.0006768603216007872,0.0006991857470555645,0.0007215146100643524,0.0007437953303904296,0.0007659744354369569,0.0007879967509166124,0.000809805612097681,0.0008313430948792167,0.0008525502656871718,0.0008733674489171076,0.0008937345103813616,0.0009135911549540492,0.0009328772363513526,0.0009515330767430082,0.0009694997936698176,0.0009867196315475324,0.0010031362948754582,0.0010186952801438903,0.0010333442033525245,0.0010470331200155619,0.0010597148345405025,0.0010713451959272536,0.0010818833768416005,0.0010912921332703906,0.0010995380421620444,0.0011065917146913077,0.0011124279830569278,0.0011170260590199713,0.0011203696627132625,0.0011224471205930203,0.0011232514317561612,0.0011227803022047496,0.0011210361469965217,0.001118026060571224,0.0011137617558808189,0.0011082594732719482,0.0011015398603664891,0.0010936278244563036,0.0010845523591680234,0.0010743463473603812,0.0010630463423887465,0.001050692330008621,0.001037327473292294,0.0010229978430019012,0.0010077521358996732,0.0009916413834846567,0.0009747186536273372,0.0009570387475324373,0.0009386578943984985,0.0009196334460636365,0.0009000235738325803,0.0008798869695731315,0.0008592825530524897,0.0008382691873571515,0.0008169054041057,0.0007952491400228996,0.0007733574862970217,0.0007512864519911292,0.0007290907426238529,0.0007068235548768238,0.0006845363882251968,0.0006622788741255236,0.0006400986232326859,0.0006180410909558256,0.0005961494615035262,0.0005744645504123046,0.000553024725401243,0.0005318658452508302,0.0005110212162672946,0.0004905215657663225,0.0004703950318933872,0.0004506671689931275,0.00043136096764828777,0.00041249688843038383,0.00039409290834000344,0.0003761645788646975,0.00035872509454675286,0.0003417853709314654,0.0003253541307583423,0.00030943799726221955,0.00029404159346768687,0.00027916764638740305,0.0002648170950717107,0.00025098920150217103,0.00023768166337397536,0.00022489072787036416,0.00021261130559493743,0.00020083708389387109,0.00018956063886840948,0.00017877354544753346,0.00016846648496043892,0.00015862934971753653,0.0001492513441763498,0.00014032108233428284,0.00013182668105321302,0.0001237558490807817,0.00011609597158975307,0.00010883419010962391,0.00010195747777359946,9.545270984898818e-05,8.930672955995688e-05,8.350640924842704e-05,7.803870695173116e-05,7.289071850457676e-05,6.804972529800485e-05,6.350323784953188e-05,5.9239035356700606e-05,5.524520142102474e-05,5.151015614099355e-05,4.802268478161529e-05,4.4771963234131314e-05,4.1747580483238366e-05,3.8939558300624896e-05,3.633836838305987e-05,3.393494715087022e-05,3.172070841859192e-05,2.9687554144060312e-05,2.782788345538661e-05,2.613460014730483e-05,2.460111882941417e-05,2.322136989901774e-05,2.1989803500690756e-05,2.0901392623510234e-05,1.9951635475140085e-05,1.913655725977818e-05,1.8452711474411143e-05,1.789718082495521e-05,1.7467577850745322e-05,1.716204533251905e-05,1.697925654557048e-05,1.6918415406157958e-05
193,1.6255772791762836e-05,1.6312943078712473e-05,1.6484694603448666e-05,1.6771749320182457e-05,1.7175310355305743e-05,1.7697061791194052e-05,1.8339168323049453e-05,1.9104274748382925e-05,1.9995505237311326e-05,2.1016462320515865e-05,2.2171225520505457e-05,2.3464349540782905e-05,2.4900861916663237e-05,2.6486260020885757e-05,2.8226507306845506e-05,3.012802866230452e-05,3.2197704736893175e-05,3.4442865097652185e-05,3.6871280058378547e-05,3.949115102071503e-05,4.231109915786357e-05,4.5340152265617964e-05,4.8587729600218844e-05,5.206362451846212e-05,5.5777984732677065e-05,5.974128999177725e-05,6.396432699972644e-05,6.84581613846142e-05,7.323410653526285e-05,7.830368912805879e-05,8.367861117468795e-05,8.937070843182711e-05,9.539190502677247e-05,0.0001017541641686386,0.00010846943483329618,0.0001155495943317855,0.00012300638669668161,0.00013085135684891703,0.00013909578053898872,0.00014775059009136036,0.00015682629601926175,0.0001663329046189932,0.00017627983169822578,0.00018667581264156789,0.00019752880906870787,0.0002088459123955419,0.0002206332446665941,0.00023289585708739346,0.0002456376267478699,0.00025886115209177677,0.00027256764775203607,0.0002867568394370662,0.00030142685961780395,0.00031657414482840526,0.0003321933354545417,0.0003482771789407491,0.00036481643740130995,0.0003817998006664601,0.0003992138058360694,0.0004170427644450674,0.0004352686983674832,0.00045387128559777476,0.00047282781704789363,0.0004921131654851117,0.0005116997677079556,0.0005315576210147241,0.0005516542949602022,0.0005719549593207554,0.000592422429095539,0.0006130172272619393,0.0006336976658765668,0.0006544199459694534,0.000675138276519073,0.0006958050126202209,0.0007163708127667528,0.0007367848149681038,0.0007569948312041989,0.0007769475594999771,0.0007965888126709406,0.0008158637625579922,0.0008347171983369161,0.0008530937972592483,0.0008709384059614164,0.0008881963302726829,0.000904813631264526,0.0009207374251195663,0.0009359161842616778,0.0009503000370847476,0.0009638410635492772,0.000976493583886351,0.000988214437659265,0.0009989632504849933,0.0010087026858103876,0.0010173986792701983,0.0010250206533234253,0.0010315417100680946,0.0010369388003685306,0.0010411928676893043,0.0010442889653114909,0.0010462163459046612,0.0010469685227368418,0.0010465433021191364,0.0010449427869963814,0.0010421733519047904,0.0010382455898169452,0.0010331742316789464,0.0010269780397098107,0.001019679675775591,0.0010113055463672783,0.0010018856259000897,0.0009914532602108956,0.000980044952259673,0.0009677001321401659,0.0009544609135752009,0.0009403718391147382,0.0009254796162715304,0.0009098328468223597,0.0008934817514744735,0.0008764778920493941,0.0008588738932719958,0.000840723166173798,0.0008220796350277343,0.0008029974696290333,0.0007835308246247703,0.0007637335874744972,0.0007436591364972576,0.0007233601103272971,0.0007028881899628027,0.0006822938944499489,0.0006616263910992827,0.0006409333209839537,0.0006202606403204972,0.000599652478183833,0.0005791510108600253,0.0005587963529943606,0.0005386264655497262,0.0005186770804524369,0.0004989816416708741,0.0004795712623478803,0.0004604746974920037,0.0004417183316265435,0.00042332618069988796,0.0004053199074766724,0.0003877188495574277,0.0003705400591150599,0.00035379835338986837,0.00033750637495086105,0.00032167466070959867,0.00030631171866326895,0.00029142411134552295,0.0002770165449760397,0.00026309196332191325,0.0002496516453147854,0.00023669530550612488,0.0002242211964880663,0.0002122262124576788,0.0002007059931573209,0.0001896550274818133,0.00017906675610350042,0.0001689336725279483,0.00015924742205516618,0.00014999889818306946,0.00014117833605072763,0.00013277540257816136,0.00012477928301655615,0.00011717876367731818,0.00010996231066006598,0.00010311814444816107,9.663431028553572e-05,9.04987442902403e-05,8.469933529823428e-05,7.922398246545668e-05,7.406064868715556e-05,6.91974099208904e-05,6.462250052363673e-05,6.032435473413676e-05,5.629164444919284e-05,5.251331345714945e-05,4.897860830352064e-05,4.567710597277358e-05,4.259873857685636e-05,3.973381524534378e-05,3.707304141425476e-05,3.4607535710848155e-05,3.2328844630208554e-05,3.0228955196359844e-05,2.8300305796153434e-05,2.6535795368425777e-05,2.4928791124048087e-05,2.347313496463634e-05,2.2163148758974575e-05,2.0993638626742757e-05,1.995989836903608e-05,1.9057712174508193e-05,1.828335671885009e-05,1.763360276380383e-05,1.710571635007153e-05,1.6697459666372876e-05,1.6407091664579946e-05,1.6233368478360138e-05,1.617554369012611e-05
194,1.5614468856905567e-05,1.566908644834829e-05,1.583316625909718e-05,1.6107389341352334e-05,1.6492890586471466e-05,1.6991258412492187e-05,1.760453428867378e-05,1.833521205916037e-05,1.918623701717392e-05,2.0161004670558495e-05,2.1263359129048222e-05,2.249759103335451e-05,2.3868434936103035e-05,2.538106603484256e-05,2.7041096147846206e-05,2.8854568814289153e-05,3.082795339167833e-05,3.296813801520094e-05,3.528242127602965e-05,3.7778502468657776e-05,4.046447025113551e-05,4.33487895567381e-05,4.644028659123205e-05,4.97481317466329e-05,5.3281820260294184e-05,5.7051150447464145e-05,6.106619933623339e-05,6.533729553621607e-05,6.987498917650702e-05,7.469001875458994e-05,7.97932747460843e-05,8.519575983566876e-05,9.090854564234808e-05,9.694272582758954e-05,0.00010330936549287247,0.00011001944679400531,0.00011708381072327155,0.00012451309503717334,0.00013231766833731747,0.0001405075603448857,0.00014909238844516904,0.00015808128061780852,0.0001674827949106217,0.0001773048356601018,0.00018755456670971256,0.00019823832192775504,0.00020936151337959546,0.00022092853756407635,0.00023294268018059114,0.0002454060199511024,0.0002583193320797709,0.00027168199199120247,0.00028549188004588444,0.0002997452879873876,0.00031443682792945587,0.0003295593447412656,0.00034510383273487436,0.00036105935759914404,0.00037741298455808766,0.00039414971375754514,0.0004112524239011778,0.00042870182516388587,0.00044647642240681586,0.00046455248970211937,0.00048290405714664645,0.0005015029109009964,0.0005203186073331572,0.0005393185020738484,0.0005584677947033342,0.0005777295896867878,0.0005970649740573879,0.0006164331122135439,0.0006357913580495857,0.0006550953844787654,0.0006742993302346226,0.0006933559636531079,0.0007122168629450757,0.0007308326122689367,0.0007491530127088474,0.0007671273070576249,0.0007847044170987637,0.0008018331918820423,0.000818462665295975,0.000834542321061839,0.000850022363112213,0.0008648539891759621,0.0008789896652751984,0.0008923833987514011,0.0009049910073805134,0.0009167703821127359,0.0009276817409834042,0.0009376878717874762,0.0009467543611915763,0.0009548498080732897,0.0009619460190256571,0.0009680181841431271,0.0009730450314104704,0.0009770089582447096,0.000979896138987936,0.0009816966074115902,0.0009824043135657713,0.0009820171545857148,0.000980536979346949,0.0009779695671362138,0.000974324580772488,0.0009696154948673028,0.0009638595001522095,0.0009570773850205613,0.0009492933956280883,0.0009405350760700705,0.0009308330903009518,0.0009202210275843046,0.0009087351933571367,0.0008964143874630787,0.0008832996717550519,0.0008694341290908655,0.0008548626157464995,0.0008396315092533636,0.0008237884536294222,0.0008073821039216544,0.000790461871910619,0.0007730776747486454,0.0007552796882128978,0.000737118106154716,0.0007186429076184409,0.0006999036329876007,0.0006809491703948819,0.0006618275535057628,0.0006425857716549818,0.0006232695931811352,0.0006039234026685883,0.0005845900526685733,0.0005653107303338922,0.0005461248392651316,0.0005270698967319091,0.0005081814463015603,0.0004894929857810541,0.00047103591025696634,0.00045283946990418194,0.0004349307421277106,0.0004173346175045475,0.0004000737989047484,0.0003831688130934871,0.0003666380340493681,0.0003504977171790043,0.0003347620435640083,0.00031944317334404575,0.00030455130731825024,0.0002900947558367276,0.00027608001405353703,0.00026251184262177324,0.0002493933529294061,0.0002367260960005017,0.00022451015421943242,0.00021274423507472578,0.00020142576616332886,0.00019055099074431753,0.00018011506318251744,0.00017011214367622913,0.0001605354917184232,0.0001513775577966099,0.00014263007289238354,0.00013428413539676154,0.00012633029511132054,0.00011875863405729896,0.00011155884386487791,0.00010472029956243901,9.823212963045895e-05,9.208328222663813e-05,8.626258752772684e-05,8.075881616921834e-05,7.556073379657906e-05,7.065715177097975e-05,6.603697409861254e-05,6.168924067569212e-05,5.760316696123701e-05,5.376818020681944e-05,5.017395238679391e-05,4.681042998420346e-05,4.3667860796775155e-05,4.073681793430979e-05,3.800822118350812e-05,3.54733559190207e-05,3.3123889740422785e-05,3.0951887014058445e-05,2.894982149642398e-05,2.7110587212117642e-05,2.542750775451196e-05,2.389434417134009e-05,2.2505301590453168e-05,2.1255034733217915e-05,2.01386524544899e-05,1.9151721438915416e-05,1.8290269173574207e-05,1.7550786306755696e-05,1.6930228492036366e-05,1.642601780585987e-05,1.603604381557209e-05,1.5758664363382305e-05,1.5592706120053775e-05,1.5537464950314154e-05
195,1.5076072018130469e-05,1.512855172542661e-05,1.528620653048632e-05,1.554968340997803e-05,1.592006041039235e-05,1.639884625813338e-05,1.6987979777741895e-05,1.7689829082445803e-05,1.8507190491150134e-05,1.944328711601055e-05,2.0501767054914485e-05,2.168670111355691e-05,2.3002579972384372e-05,2.4454310704535688e-05,2.6047212542081777e-05,2.7787011779415452e-05,2.9679835694628676e-05,3.173220536220757e-05,3.3951027223451264e-05,3.63435832747622e-05,3.8917519728452475e-05,4.1680833996061204e-05,4.4641859840485116e-05,4.7809250540599324e-05,5.1191959910604825e-05,5.479922101620569e-05,5.8640522431019805e-05,6.272558187949348e-05,6.706431711715665e-05,7.166681390545806e-05,7.654329094679333e-05,8.170406165581912e-05,8.715949265586402e-05,9.291995890432553e-05,9.899579536850142e-05,0.0001053972451934469,0.00011213440432627066,0.00011921716258685622,0.000126655141203377,0.00013445762686219187,0.00014263350235576536,0.00015119117394912348,0.00016013849562496004,0.00016948269040974312,0.00017923026902787659,0.00018938694617794035,0.00019995755477399948,0.0002109459585456126,0.00022235496344209321,0.00023418622833932694,0.0002464401756004969,0.00025911590209481885,0.00027221109133016453,0.0002857219274055204,0.00029964301153677657,0.0003139672819535021,0.00032868593800421066,0.0003437883693421946,0.0003592620910923039,0.0003750926859200517,0.00039126375393714577,0.0004077568713809556,0.0004245515589986155,0.00044162526104851696,0.00045895333580209496,0.00047650905838635485,0.0004942636367519845,0.0005121862414827492,0.0005302440500789505,0.0005484023062510206,0.000566624394648991,0.0005848719313300162,0.0006031048701299849,0.0006212816249573809,0.0006393592078691026,0.0006572933826203193,0.0006750388332053063,0.0006925493467255599,0.0007097780097375864,0.0007266774170481726,0.0007431998917425063,0.0007592977150533035,0.0007749233645103999,0.0007900297586534805,0.0008045705064491883,0.0008185001594311583,0.0008317744644807187,0.000844350615090002,0.0008561874989004107,0.0008672459392897307,0.0008774889287919559,0.0008868818521757026,0.000895392697079878,0.0009029922502082451,0.0009096542772162482,0.000915355684581863,0.0009200766619346942,0.000923800803520952,0.0009265152077027899,0.0009282105536249927,0.000928881154426105,0.0009285249866206506,0.0009271436955299328,0.0009247425768869095,0.0009213305349818852,0.0009169200179465678,0.0009115269309911455,0.0009051705286095268,0.000897873286949457,0.0008896607577049803,0.000880561405027468,0.0008706064270673869,0.0008598295638519805,0.0008482668932743301,0.0008359566170175138,0.0008229388382647912,0.0008092553330541547,0.0007949493171246083,0.0007800652100736788,0.0007646483986024777,0.000748745000567634,0.0007324016314900941,0.000715665175090515,0.0006985825593310991,0.0006812005393454002,0.0006635654885320688,0.0006457231989767245,0.000627718692249197,0.0006095960415022485,0.0005913982056735849,0.0005731668764664699,0.0005549423386565903,0.0005367633441450482,0.0005186670000505189,0.0005006886710088284,0.00048286189572655734,0.00046521831771787457,0.0004477876300416969,0.00043059753375049683,0.00041367370966356916,0.0003970398029871843,0.0003807174202225277,0.00036472613773025933,0.00034908352125837113,0.00033380515568808006,0.0003189046842108844,0.00030439385611862784,0.0002902825823672434,0.0002765789980634836,0.0002632895310218931,0.00025041897554598793,0.0002379705706023703,0.00022594608157859033,0.00021434588484415217,0.00020316905436829815,0.00019241344968724336,0.0001820758045565042,0.0001721518156700342,0.0001626362308762435,0.00015352293637086313,0.00014480504239732116,0.00013647496703616478,0.00012852451771550984,0.00012094497012400011,0.00011372714425586305,0.00010686147736396625,0.00010033809364098598,9.414687049063459e-05,8.827750129014967e-05,8.271955458177635e-05,7.746252966466918e-05,7.249590858944427e-05,6.7809204585507e-05,6.339200697627712e-05,5.923402265958192e-05,5.5325114249853206e-05,5.165533499544098e-05,4.821496059845289e-05,4.49945180761655e-05,4.198481181236475e-05,3.917694695409793e-05,3.656235031440185e-05,3.413278894475924e-05,3.188038654247295e-05,2.9797637857980366e-05,2.7877421265500105e-05,2.6113009657445005e-05,2.4498079818881524e-05,2.302672043308947e-05,2.1693438863094205e-05,2.0493166847016775e-05,1.942126523731545e-05,1.8473527905570634e-05,1.7646184925477973e-05,1.693590513724128e-05,1.6339798186667624e-05,1.5855416122025465e-05,1.5480754621191287e-05,1.52142539108312e-05,1.5054799428389177e-05,1.5001722266523717e-05
196,1.4638461674991552e-05,1.4689207244668734e-05,1.4841650468415067e-05,1.5096410805160979e-05,1.5454520397512725e-05,1.59174236212055e-05,1.6486976420122664e-05,1.7165445392772772e-05,1.7955506586526634e-05,1.8860243946449283e-05,1.988314735624951e-05,2.1028110199749377e-05,2.2299426362387637e-05,2.3701786583660316e-05,2.5240274063117932e-05,2.6920359214637917e-05,2.8747893456233952e-05,3.072910191571791e-05,3.287057492616913e-05,3.5179258179469004e-05,3.7662441401212496e-05,4.0327745406205695e-05,4.3183107390597266e-05,4.623676431457636e-05,4.949723422861091e-05,5.297329539651082e-05,5.667396307030066e-05,6.060846377509616e-05,6.478620696702263e-05,6.9216753933814e-05,7.390978381621458e-05,7.88750566387895e-05,8.412237325135378e-05,8.966153209706343e-05,9.550228274037543e-05,0.00010165427610766993,0.00010812701141541107,0.00011492977978536426,0.00012207160457362458,0.00012956117847005952,0.00013740679745721598,0.0001456162917527431,0.00015419695389685853,0.00016315546418621692,0.00017249781369756367,0.00018222922518855932,0.00019235407220887985,0.000202875796801819,0.00021379682622475125,0.00022511848916553318,0.00023684093198071386,0.0002489630355297248,0.0002614823332263996,0.0002743949309745404,0.0002876954296970428,0.00030137685120752234,0.00031543056820859455,0.00032984623923106477,0.00034461174935237555,0.0003597131575498239,0.00037513465155336807,0.0003908585110634343,0.00040686508019012875,0.00042313274995090287,0.0004396379516333033,0.000456355161787364,0.00047325691955801515,0.0004903138570012613,0.0005074947429486694,0.0005247665408929331,0.0005420944812631606,0.0005594421483425054,0.0005767715819534732,0.0005940433938985677,0.0006112168989970224,0.0006282502604035498,0.0006451006487339545,0.0006617244143569806,0.0006780772720439789,0.0006941144970002988,0.0007097911311372363,0.0007250621982837206,0.0007398829268855515,0.0007542089785998915,0.0007679966810668575,0.00078120326303132,0.0007937870898991306,0.0008057078977454148,0.0008169270237503458,0.000827407631021619,0.0008371149257737612,0.0008460163648730167,0.0008540818518227968,0.000861283919357927,0.0008675978969349624,0.0008730020615488973,0.0008774777704713941,0.0008810095746895129,0.0008835853120237285,0.0008851961791164488,0.0008858367817036832,0.0008855051628092902,0.0008842028087296059,0.0008819346329025721,0.0008787089379762158,0.0008745373566031992,0.0008694347716881979,0.0008634192170004723,0.0008565117592330134,0.0008487363627403457,0.0008401197383182623,0.0008306911774996304,0.0008204823739306738,0.0008095272334618541,0.0007978616746371031,0.0007855234212954139,0.0007725517890106734,0.0007589874670902083,0.0007448722978311171,0.0007302490546973282,0.0007151612210308258,0.000699652770848894,0.0006837679532068439,0.0006675510815237094,0.0006510463291779953,0.0006342975325828589,0.0006173480028461575,0.0006002403470116481,0.0005830162997642892,0.0005657165663660967,0.0005483806774703123,0.0005310468563418322,0.0005137518988918875,0.000496531066815943,0.00047941799400671537,0.0004624446063001413,0.00044564105450208095,0.0004290356605384841,0.0004126548764726251,0.0003965232560406659,0.00038066343827201324,0.00036509614268433687,0.0003498401754752629,0.00033491244607403766,0.0003203279933671362,0.00030610002087198677,0.0002922399401026667,0.00027875742135042707,0.00026566045108993876,0.0002529553952187938,0.0002406470673425395,0.0002287388013297538,0.00021723252738072325,0.00020612885087842935,0.00019542713332103013,0.00018512557467006163,0.0001752212964874081,0.0001657104252759296,0.00015658817548276383,0.00014784893167002527,0.00013948632940426035,0.00013149333446297286,0.000123862320003262,0.00011658514138362465,0.00010965320837483058,0.0001030575545391134,9.678890359841561e-05,9.083773265182449e-05,8.519433213942958e-05,7.984886248446797e-05,7.47914073776857e-05,7.00120236972646e-05,6.550078808441106e-05,6.12478402187751e-05,5.7243422859294266e-05,5.3477918734892386e-05,4.99418843857799e-05,4.662608106999459e-05,4.352150286139328e-05,4.061940207467429e-05,3.791131216029988e-05,3.538906821752912e-05,3.3044825277296226e-05,3.087107450851137e-05,2.8860657501653693e-05,2.7006778782399807e-05,2.53030167056127e-05,2.3743332876428183e-05,2.2322080240534995e-05,2.103400998016184e-05,1.987427734586323e-05,1.8838446547033388e-05,1.792249481626374e-05,1.7122815754277296e-05,1.643622205329867e-05,1.5859947687421134e-05,1.5391649648874256e-05,1.5029409299135818e-05,1.4771733393619809e-05,1.4617554828257227e-05,1.4566233145709636e-05
197,1.4299901058594459e-05,1.4349307202473989e-05,1.4497725092526977e-05,1.474575300949804e-05,1.5094387768254196e-05,1.5545024221744505e-05,1.609945453363237e-05,1.675986718680095e-05,1.752884568572363e-05,1.8409366901609537e-05,1.940479900031329e-05,2.0518898884274965e-05,2.1755809071271694e-05,2.3120053924561294e-05,2.461653514113099e-05,2.6250526397284558e-05,2.8027667043770244e-05,2.9953954736134348e-05,3.2035736880053647e-05,3.427970076613094e-05,3.669286226411454e-05,3.928255294281443e-05,4.2056405479229286e-05,4.502233721866723e-05,4.8188531747046846e-05,5.15634183372082e-05,5.515564913306056e-05,5.897407393885633e-05,6.302771248592627e-05,6.732572405595274e-05,7.187737434841154e-05,7.669199949028745e-05,8.177896709867214e-05,8.71476343214831e-05,9.280730279838972e-05,9.876717050317635e-05,0.00010503628045027545,0.00011162346627211536,0.00011853729470027348,0.00012578600501220985,0.0001333774455365563,0.0001413190073434975,0.00014961755528261563,0.0001582793565685534,0.00016731000715481217,0.0001767143561777326,0.0001864964287959383,0.00019665934779494775,0.00020720525437190545,0.00021813522856102346,0.0002294492098058771,0.00024114591822961746,0.00025322277719785224,0.0002656758378107462,0.00027849970600009495,0.0002916874729429837,0.00030523064953534817,0.0003191191056955068,0.00033334101528866635,0.0003478828074776909,0.00036272912531221037,0.0003778627923666366,0.0003932647882270658,0.0004089142336066827,0.0004247883858385157,0.0004408626454527042,0.00045711057449242113,0.00047350392715800034,0.0004900126932925205,0.0005066051551341912,0.0005232479576616038,0.000539906192747712,0.0005565434972179673,0.000573122164778207,0.0005896032716398141,0.0006059468155246317,0.0006221118675817135,0.0006380567365939713,0.0006537391446971684,0.0006691164136786636,0.000684145660771241,0.00069878400271075,0.0007129887666877481,0.000726717706695571,0.0007399292236628416,0.0007525825876599887,0.0007646381603892097,0.0007760576161076516,0.0007868041590962252,0.0007968427357728211,0.0008061402395597593,0.0008146657066515885,0.0008223905008907858,0.0008292884860450149,0.0008353361838892435,0.0008405129166276907,0.0008448009323422488,0.0008481855123232554,0.0008506550593225743,0.000852201165964796,0.0008528186627567933,0.0008525056453454985,0.0008512634808852466,0.0008490967935859937,0.0008460134297189859,0.0008420244025540246,0.0008371438178896098,0.0008313887810115615,0.0008247792860751879,0.0008173380890490799,0.0008090905654839404,0.0008000645544767247,0.0007902901902883593,0.000779799723142378,0.0007686273307822513,0.0007568089223975121,0.0007443819365437972,0.0007313851346805308,0.0007178583919332645,0.0007038424866567618,0.0006893788903309676,0.0006745095592662162,0.0006592767295275715,0.0006437227164122247,0.0006278897197295116,0.0006118196360414319,0.0005955538789236529,0.0005791332082038523,0.0005625975690269506,0.0005459859414863179,0.0005293362014474022,0.0005126849930764553,0.0004960676134731162,0.00047951790969258525,0.00046306818833197503,0.00044674913774714586,0.0004305897628619002,0.0004146173324317156,0.00039885733853012816,0.0003833334679382045,0.0003680675850369763,0.00035307972572985074,0.00033838810185733427,0.0003240091155102959,0.00030995738260066044,0.00029624576500999035,0.00028288541060684646,0.0002698858004029659,0.00025725480210590074,0.00024499872932143155,0.00023312240566235754,0.00022162923303060308,0.00021052126335636696,0.00019979927310060985,0.00018946283985483232,0.0001795104204041309,0.00016993942965521557,0.00016074631986972624,0.00015192665968411152,0.0001434752124398785,0.00013538601339157423,0.0001276524454038448,0.00012026731279281917,0.00011322291301041415,0.00010651110591253674,0.00010012338039321446,9.405091820610277e-05,8.828465483234655e-05,8.281533728920599e-05,7.763357880703094e-05,7.272991033296957e-05,6.809482884814499e-05,6.371884251088819e-05,5.959251266196248e-05,5.5706492748575095e-05,5.205156424238283e-05,4.861866964272593e-05,4.5398942670044496e-05,4.238373576593973e-05,3.956464502574141e-05,3.6933532696846805e-05,3.448254738162307e-05,3.2204142087437606e-05,3.009109026852271e-05,2.8136500005016963e-05,2.633382646377779e-05,2.4676882783547657e-05,2.3159849523896694e-05,2.1777282813167008e-05,2.052412132551575e-05,1.9395692211193807e-05,1.8387716097498443e-05,1.7496311270489178e-05,1.6717997139636285e-05,1.604969707915561e-05,1.5488740730939732e-05,1.5032865844786176e-05,1.4680219722105492e-05,1.4429360319517001e-05,1.427925705875554e-05,1.4229291379162154e-05
198,1.4059038308679522e-05,1.4107492723219732e-05,1.425305042494525e-05,1.4496294687218358e-05,1.48381972912214e-05,1.5280117998307454e-05,1.5823803779305945e-05,1.647138776891291e-05,1.72253879043572e-05,1.8088705198725607e-05,1.906462159068612e-05,2.015679730390692e-05,2.1369267641269683e-05,2.2706439131064888e-05,2.4173084934783213e-05,2.577433941893524e-05,2.7515691786600664e-05,2.9402978658192816e-05,3.1442375485294605e-05,3.3640386676453616e-05,3.600383430959746e-05,3.853984530233308e-05,4.125583690891562e-05,4.415950041121069e-05,4.725878287062804e-05,5.056186680887986e-05,5.407714768761744e-05,5.781320906063769e-05,6.177879527753208e-05,6.598278162448663e-05,7.043414179653802e-05,7.514191260605207e-05,8.011515584461595e-05,8.536291723001472e-05,9.089418238657847e-05,9.67178298260098e-05,0.0001028425809168876,0.00010927694685443031,0.00011602917266781185,0.00012310717833034876,0.00013051849706818965,0.00013827021099567676,0.0001463688842402197,0.00015482049375619566,0.00016363035806589503,0.00017280306420565307,0.00018234239319678923,0.00019225124440349847,0.00020253155918305017,0.00021318424427712514,0.00022420909543639675,0.00023560472181300665,0.0002473684716968269,0.000259496360210701,0.00027198299961654865,0.000284821532917574,0.00029800357147109194,0.00031151913735088973,0.000325356611216793,0.000339502686461393,0.0003539423304089423,0.0003686587533384781,0.00038363338609156495,0.0003988458670040237,0.0004142740388700447,0.00042989395660570913,0.00044567990622679937,0.0004616044356926532,0.00047763839809363126,0.000493751007574623,0.0005099099082911923,0.0005260812565889161,0.0005422298164808811,0.0005583190683740354,0.0005743113308632403,0.0005901678952737247,0.0006058491724897219,0.0006213148514610772,0.0006365240686324684,0.000651435587393642,0.0006660079865059834,0.0006801998563231439,0.0006939700014937698,0.000707277648715066,0.0007200826579994019,0.0007323457358247487,0.0007440286484656124,0.0007550944337462073,0.000765507609423578,0.0007752343763964938,0.0007842428149471211,0.0007925030722571628,0.0007999875394983276,0.0008066710168781681,0.0008125308651255331,0.0008175471420236862,0.0008217027227417446,0.0008249834028742087,0.0008273779832715185,0.0008288783359289241,0.0008294794503935437,0.0008291794603471944,0.0008279796502222713,0.0008258844419065295,0.0008229013617871033,0.0008190409885716714,0.0008143168825028032,0.0008087454967479252,0.0008023460719001085,0.0007951405146624519,0.0007871532619100054,0.0007784111314271489,0.0007689431607046454,0.0007587804352490899,0.0007479559079083481,0.0007365042107502411,0.0007244614610488184,0.0007118650629338738,0.0006987535062458254,0.0006851661641107252,0.0006711430907100427,0.0006567248206680995,0.0006419521714177206,0.0006268660498328982,0.0006115072643371586,0.0005959163436089124,0.0005801333629114373,0.0005641977789762982,0.0005481482742660004,0.0005320226113354863,0.0005158574979037603,0.000499688463137438,0.00048354974553839166,0.0004674741927188742,0.00045149317324053853,0.00043563650058958214,0.00041993236925975263,0.00040440730281903224,0.0003890861137452921,0.0003739918747318089,0.00035914590108593764,0.0003445677437739812,0.00033027519260285466,0.00031628428897484726,0.0003026093476058451,0.00028926298655990873,0.0002762561649240584,0.0002635982274263849,0.00025129695528790973,0.000239358622593633,0.00022778805747048132,0.0002165887073689022,0.00020576270776006338,0.0001953109535813963,0.00018523317278891838,0.00017552800140471046,0.00016619305948144464,0.00015722502744228454,0.00014861972229317195,0.00014037217324484717,0.00013247669632334094,0.00012492696758958056,0.00011771609463066844,0.00011083668602686979,0.00010428091853898435,9.804060180022177e-05,9.210724033465495e-05,8.647209276053075e-05,8.112622807097311e-05,7.606057891675363e-05,7.126599184570746e-05,6.673327448095802e-05,6.245323964532945e-05,5.8416746462153866e-05,5.4614738483132544e-05,5.1038278912014424e-05,4.76785830086692e-05,4.452704777172415e-05,4.1575279009388057e-05,3.881511591749956e-05,3.623865329131431e-05,3.3838261503197254e-05,3.1606604382327566e-05,2.9536655134872868e-05,2.7621710443962362e-05,2.5855402888303966e-05,2.4231711816562086e-05,2.274497281175169e-05,2.1389885876017804e-05,2.0161522461360256e-05,1.9055331466227082e-05,1.8067144311528366e-05,1.719317920260032e-05,1.6430044676055787e-05,1.577474252236547e-05,1.5224670166491352e-05,1.4777622580001578e-05,1.4431793788891204e-05,1.418577803186746e-05,1.4038570614179378e-05,1.3989568492223302e-05
199,1.3914907269402665e-05,1.3962792646410684e-05,1.4106640251280399e-05,1.4347024400794861e-05,1.4684901935911454e-05,1.5121611675499439e-05,1.565887362014046e-05,1.6298787874677113e-05,1.7043833249417364e-05,1.789686549125783e-05,1.8861115087510612e-05,1.9940184576944466e-05,2.1138045294522686e-05,2.2459033468581852e-05,2.3907845581797165e-05,2.5489532900275346e-05,2.7209495068563618e-05,2.9073472662327366e-05,3.1087538584998955e-05,3.325808818990975e-05,3.5591828005367306e-05,3.809576293691371e-05,4.077718181868967e-05,4.3643641184525466e-05,4.6702947129182714e-05,4.9963135131181306e-05,5.343244771096713e-05,5.711930980191461e-05,6.103230171691897e-05,6.518012960022153e-05,6.957159326273164e-05,7.42155513095587e-05,7.912088348084348e-05,8.429645014136393e-05,8.975104887086578e-05,9.549336812569777e-05,0.00010153193796316509,0.00010787507784308802,0.00011453084154637983,0.00012150695927802884,0.00012881077705165117,0.00013644919348470728,0.00014442859416745115,0.00015275478380457353,0.00016143291636613573,0.00017046742352355633,0.0001798619416868469,0.00018961923800068936,0.00019974113569894521,0.00021022843925937865,0.00022108085984229824,0.00023229694153795852,0.00024387398898735317,0.00025580799697885476,0.00026809358265835907,0.00028072392102247376,0.00029369068439212234,0.0003069839865869624,0.0003205923325384749,0.0003345025740907003,0.0003486998727416275,0.00036316767007445335,0.00037788766661564055,0.0003928398098352985,0.000408002291974341,0.0004233515583417056,0.0004388623266733156,0.0004545076180822302,0.0004702588000565167,0.00048608564187789787,0.0005019563827404732,0.0005178378127452505,0.0005336953668335313,0.0005494932316012413,0.0005651944648081481,0.000580761127261857,0.0005961544266179933,0.0006113348724967298,0.0006262624421736726,0.0006408967559620637,0.0006551972612654566,0.0006691234241477196,0.0006826349271427211,0.0006956918719116942,0.0007082549852543499,0.0007202858268925006,0.0007317469973743261,0.0007426023443952655,0.0007528171657994198,0.0007623584075144966,0.0007711948546845772,0.0007792973142987479,0.0007866387876698955,0.0007931946311962767,0.0007989427039378915,0.0008038635006589141,0.0008079402691246819,0.0008111591105949465,0.0008135090626218129,0.0008149821634383871,0.0008155734974097563,0.000815281221208615,0.0008141065705705871,0.0008120538476761553,0.0008091303893942136,0.0008053465168039395,0.0008007154665844649,0.0007952533050235496,0.0007889788255452457,0.000781913430790865,0.0007740810004062535,0.0007655077457905968,0.0007562220531472358,0.0007462543162450992,0.0007356367603504419,0.0007244032588229711,0.000712589143888719,0.0007002310131048776,0.0006873665330201317,0.0006740342415087439,0.0006602733502187731,0.0006461235485254054,0.0006316248103205028,0.0006168172049002156,0.0006017407131349081,0.0005864350500207918,0.0005709394946215727,0.0005552927283121395,0.0005395326821358707,0.0005236963939835235,0.0005078198761959081,0.0004919379940856376,0.00047608435576616196,0.000460291213570048,0.0004445893772339844,0.0004290081389262374,0.00041357521009413074,0.0003983166700154481,0.000383256925849224,0.00036841868389893875,0.00035382293172528005,0.00033948893067693514,0.00032543421834674714,0.0003116746204073539,0.0002982242712353152,0.0002850956426958327,0.00027229958043144666,0.0002598453469774233,0.00024774067101368855,0.00023599180205778673,0.0002246035699050308,0.0002135794481302711,0.00020292162098000118,0.00019263105300324564,0.00018270756079421271,0.00017314988624840406,0.00016395577076610613,0.00015512202987230005,0.00014664462775939766,0.0001385187512982353,0.0001307388831028697,0.0001232988732753894,0.00011619200949769594,0.00010941108517757528,0.00010294846539598285,9.679615044095596e-05,9.094583675064717e-05,8.538897512339143e-05,8.01168260862732e-05,7.512051234517978e-05,7.039106826869632e-05,6.591948638532342e-05,6.169676089833238e-05,5.771392824508881e-05,5.3962104747880315e-05,5.0432521421203165e-05,4.7116556016145886e-05,4.4005762396020186e-05,4.1091897348808836e-05,3.836694495142007e-05,3.582313860825587e-05,3.345298089232544e-05,3.124926132117479e-05,2.9205072202373253e-05,2.731382268431036e-05,2.556925114772696e-05,2.3965436071843272e-05,2.249680550626235e-05,2.1158145276125032e-05,1.9944606043372002e-05,1.8851709341524456e-05,1.787535269521748e-05,1.701181392889241e-05,1.625775476165523e-05,1.5610223777408805e-05,1.5066658851035138e-05,1.462488910270052e-05,1.4283136443338446e-05,1.404001676508394e-05,1.3894540820936403e-05,1.3846114828260432e-05
200,1.3866928035221959e-05,1.3914624066269277e-05,1.4057902641154666e-05,1.4297335099099074e-05,1.4633873314297838e-05,1.5068849143512345e-05,1.560397362145034e-05,1.6241335872804716e-05,1.6983401701096984e-05,1.7833011805881038e-05,1.8793379571439734e-05,1.986808836188843e-05,2.106108824962808e-05,2.2376692096409524e-05,2.3819570898930377e-05,2.5394748303940105e-05,2.710759419133536e-05,2.8963817217751725e-05,3.096945620776704e-05,3.313087027510028e-05,3.545472755219834e-05,3.794799240343372e-05,4.061791099488007e-05,4.3471995092381357e-05,4.651800395948222e-05,4.976392422784235e-05,5.3217947615118646e-05,5.6888446369070275e-05,6.0783946321928795e-05,6.491309744598129e-05,6.928464180994147e-05,7.390737884612992e-05,7.87901278508435e-05,8.394168765464796e-05,8.93707934157564e-05,9.508607050822018e-05,0.00010109598549740873,0.00010740879421822326,0.00011403248699668855,0.00012097473108298672,0.00012824281039360176,0.00013584356269196593,0.00014378331437074512,0.00015206781303453166,0.0001607021581190601,0.0001696907298219094,0.00017903711665974212,0.00018874404200815143,0.0001988132900217855,0.00020924563137418126,0.00022004074929821618,0.00023119716644875646,0.0002427121731483888,0.0002545817576144574,0.00026680053880033934,0.00027936170251528314,0.0002922569415144922,0.0003054764002737061,0.0003190086251795649,0.0003328405208777745,0.000346957313524786,0.000361342521684635,0.00037597793560009793,0.0003908436055457909,0.00040591783993974,0.0004211772138488505,0.0004365965884722826,0.0004521491421248029,0.0004678064131696972,0.0004835383552679019,0.0004993134052169466,0.0005150985635505689,0.0005308594879581262,0.0005465605994630854,0.0005621652011729428,0.0005776356092802434,0.000592933295857344,0.000608019042847895,0.0006228531065175187,0.0006373953914868149,0.0006516056333337809,0.0006654435886221538,0.0006788692310894079,0.0006918429526154052,0.0007043257674922773,0.0007162795184301701,0.0007276670826639948,0.0007384525764750928,0.0007486015564102625,0.0007580812154700763,0.0007668605725496963,0.000774910653448841,0.0007822046618232054,0.0007887181385269786,0.0007944291078943008,0.0007993182096251941,0.000803368815076999,0.0008065671269135924,0.0008089022612292646,0.0008103663114394876,0.0008109543934141169,0.000810664671516928,0.0008094983654058302,0.0008074597376377462,0.0008045560623081347,0.0008007975751348677,0.0007961974055671938,0.0007907714916606814,0.0007845384786065134,0.0007775196019367449,0.0007697385565450017,0.0007612213527637285,0.0007519961608240104,0.0007420931450919677,0.0007315442895268823,0.0007203832158408357,0.000708644995858301,0.0006963659595774913,0.0006835835004241998,0.0006703358791642607,0.0006566620279036296,0.0006426013555564612,0.0006281935561024978,0.0006134784208866438,0.0005984956561368511,0.0005832847067924227,0.0005678845876446046,0.0005523337226959099,0.0005366697935450164,0.0005209295975013296,0.0005051489160283871,0.0004893623940092273,0.00047360343022061506,0.0004579040792976037,0.000442294965366265,0.00042680520742146476,0.00041146235642919505,0.0003962923440400319,0.00038131944271255956,0.00036656623696378825,0.0003520536053883251,0.00033780071301986664,0.00032382501354789276,0.000310142260849577,0.0002967665292520964,0.0002837102419038052,0.00027098420660412665,0.0002585976584213673,0.0002465583084147473,0.0002348723977714339,0.00022354475667085995,0.00021257886719661492,0.00020197692963018428,0.0001917399314801896,0.00018186771862493901,0.00017235906797439968,0.00016321176108950904,0.0001544226582314223,0.00014598777235022434,0.00013790234256122632,0.0001301609066966568,0.0001227573725608166,0.00011568508755711819,0.0001089369063954278,0.0001025052566273885,9.638220179557526e-05,9.055950201912321e-05,8.502867187362833e-05,7.978103545643899e-05,7.480777855977243e-05,7.009999790327955e-05,6.564874740465609e-05,6.144508149160289e-05,5.748009548085167e-05,5.374496307009307e-05,5.0230971006502375e-05,4.6929551011196954e-05,4.383230905244441e-05,4.093105207184864e-05,3.821781227716151e-05,3.568486912289922e-05,3.332476910568956e-05,3.1130343505348706e-05,2.9094724205194907e-05,2.721135772616608e-05,2.5474017609029425e-05,2.3876815277465167e-05,2.2414209512181325e-05,2.1081014662574415e-05,1.987240771789342e-05,1.8783934354484008e-05,1.7811514069576742e-05,1.695144450531986e-05,1.6200405059422443e-05,1.5555459870938373e-05,1.5014060261453534e-05,1.4574046703298125e-05,1.4233650377449933e-05,1.3991494374574702e-05,1.3846594583213632e-05,1.3798360299520634e-05
